 #liquid
STAT  iter  ns  T  P  lnK1  lnK2  lnK3  lnK4  lnK5  lnK6  lnK7  lnK8  y1  y2  y3  y4  y5  y6  y7  y8
 SOL         127           9   180.00000000000000        6.2579860776701844E-070  -159.07108347203149       -164.87151825988516       -160.83333261457599       -158.54908249711008       -156.94169886602248       -149.69229347619782       -104.64783180586178        4.8097373517293658        2.0288097570119367E-071   9.2194770554597417E-073   1.0646061728011900E-071   2.6826602221219663E-071   1.0888946258158772E-070   1.5811678469712760E-067   1.6805821391518469E-046  0.99999999999999989     
 SOL           2          10   180.06380252908033        6.7837451566471493E-070  -158.99449921507389       -164.79190715971521       -160.75564007837781       -158.47246466805262       -156.86588455589541       -149.61992815547711       -104.59878593145740        4.8097373517293658        2.1902891157944942E-071   9.9834569451340714E-073   1.1506160288050231E-071   2.8962788314111553E-071   1.1746584060333885E-070   1.6998313468069719E-067   1.7650625329626572E-046  0.99999999999999989     
 SOL           2          10   180.35152790021908        9.7527416078917324E-070  -158.64986809885784       -164.43365573816567       -160.40602210116913       -158.12768269327967       -156.52471815693920       -149.29428240659252       -104.37806974712633        4.8097373517293658        3.0915255286585112E-071   1.4284582934084991E-072   1.6321782189729441E-071   4.0886249939233278E-071   1.6522595676253583E-070   2.3541383684828633E-067   2.2009790927672705E-046  0.99999999999999989     
 SOL           3          10   181.65871367987023        4.9955589576024688E-069  -157.09898663995438       -162.82149959576265       -158.83271543338006       -156.57613765826704       -154.98944009529797       -147.82884619723055       -103.38468521141886        4.8097373517293658        1.4578475011736931E-070   7.1617322680686727E-072   7.8712912482132204E-071   1.9293220431850027E-070   7.6708071740433783E-070   1.0192080494663948E-066   5.9434325642324912E-046  0.99999999999999989     
 SOL           3          10   184.74880413692719        2.1502778895750281E-067  -153.52697705152002       -159.10847738617110       -155.20915874895630       -153.00269653195247       -151.45344275005661       -144.45369091665617       -101.09585322946573        4.8097373517293658        5.1881933218207521E-069   2.9346961226478025E-070   2.9494202322803634E-069   6.8759148346993761E-069   2.6333294784146458E-068   2.9790250757839812E-065   5.8622514025786211E-045  0.99999999999999989     
 SOL           3          10   187.91587476658930        8.8459308483176966E-066  -149.99757699675126       -155.43991005545232       -151.62897132404834       -149.47201822369638       -147.95972984875186       -141.11887535008773       -98.833118258169591        4.8097373517293658        1.7693555740004163E-067   1.1502750146119170E-068   1.0582597974375991E-067   2.3479270296788634E-067   8.6657356208695182E-067   8.3630781976604529E-064   5.6332334734538130E-044  0.99999999999999989     
 SOL           3          10   191.16238931253540        3.4779992378031967E-064  -146.51078678878352       -151.81579758277201       -148.09215316463909       -145.98410274349217       -144.50830145590092       -137.82439961445985       -96.596482815834506        4.8097373517293658        5.7824097801509038E-066   4.3125459467176345E-067   3.6359081871646275E-066   7.6818715666361847E-066   2.7336426452176696E-065   2.2549597293801711E-062   5.2737092413614725E-043  0.99999999999999989     
 SOL           3          10   194.49090382643206        1.3069257701333448E-062  -143.06660671163729       -148.23613991937390       -144.59870425341649       -142.53895008769288       -141.09915763120878       -134.57026381225859       -94.385949612583559        4.8097373517293658        1.8109116706953135E-064   1.5465334061203079E-065   1.1961853879652957E-064   2.4081183643158541E-064   8.2663557572234981E-064   5.8397198431985666E-061   4.8099277638577533E-042  0.99999999999999989     
 SOL           3          10   197.90407081380300        4.6936026889722235E-061  -139.66503702268432       -144.70093697119736       -141.14862453005060       -139.13656021011352       -137.73229839475232       -131.35646801128502       -92.201521451461105        4.8097373517293658        5.4347580355098484E-063   5.3049151054996323E-064   3.7683313115707181E-063   7.2329752456273045E-063   2.3961967771778074E-062   1.4525322878011775E-059   4.2738930544351821E-041  0.99999999999999989     
 SOL           3          10   201.40464293582417        1.6109947216861974E-059  -136.30607795002703       -141.21018860183105       -137.74191389514866       -135.77693302927102       -134.40772373654428       -128.18301224942638       -90.043201271066749        4.8097373517293658        1.5629950533106969E-061   1.7405687934270208E-062   1.1367493358412806E-061   2.0815388674663178E-061   6.6583544168487049E-061   3.4700850629767708E-058   3.6997313970555985E-040  0.99999999999999989     
 SOL           3          10   204.99547703606154        5.2846069125797635E-058  -132.98972969146601       -137.76389462866695       -134.37857220632930       -132.46006842367740       -131.12543361147317       -125.04989653114853       -87.910992142472907        4.8097373517293658        4.3075403300748883E-060   5.4625779631651770E-061   3.2835636960463776E-060   5.7395853720851619E-060   1.7735661764007459E-059   7.9622349476763672E-057   3.1201599209558354E-039  0.99999999999999989     
 SOL           3          10   208.67953909512747        1.6567629775001647E-056  -129.71599241734916       -134.36205479578044       -131.05859924747358       -129.18596618699394       -127.88542788528022       -121.95712079580791       -85.804897112897876        4.8097373517293658        1.1376151986591718E-058   1.6398265591887524E-059   9.0822066948039214E-059   1.5163695493702420E-058   4.5286004564388324E-058   1.7547304969261904E-055   2.5635530177370205E-038  0.99999999999999989     
 SOL           3          10   212.45990668017066        4.9640425457167276E-055  -126.48486625885671       -131.00466882620947       -127.78199478972719       -125.95462612113408       -124.68770644912610       -118.90468498256342       -83.724919581232484        4.8097373517293658        2.8790926883923680E-057   4.7086034481065557E-058   2.4054847990914248E-057   3.8384705633066426E-057   1.1084517168293904E-056   3.7142099934192713E-054   2.0519419398266177E-037  0.99999999999999989     
 SOL           3          10   216.33977508868881        1.4214653709630786E-053  -123.29635131630907       -127.69173636603828       -124.54875852750050       -122.76604794143820       -121.53226910452742       -115.89258896375691       -81.671062950755498        4.8097373517293658        6.9824862897104306E-056   1.2932437930741793E-056   6.1006945914014406E-056   9.3097951065465237E-056   2.6007931170170416E-055   7.5509767683454241E-053   1.6000872675221306E-036  0.99999999999999989     
 SOL           3          10   220.32246143474720        3.8901016865950440E-052  -120.15044765438523       -124.42325699596181       -121.35889009254053       -119.62023129951342       -118.41911559220823       -112.92083256053343       -79.643330736679957        4.8097373517293658        1.6227764353288117E-054   3.3975273175405522E-055   1.4815678440015596E-054   2.1634702702763505E-054   5.8496677387878411E-054   1.4744177195129508E-051   1.2155605045585542E-035  0.99999999999999989     
 SOL           3          10   224.41140852213954        1.0174373117111850E-050  -117.04715529764975       -121.19923024915076       -118.21238907512303       -116.51717581625209       -115.34824563320282       -109.98941556593026       -77.641726711874497        4.8097373517293658        3.6141106002867481E-053   8.5376821615761666E-054   3.4453200590508659E-053   4.8171570450112287E-053   1.2612264692977085E-052   2.7651504534223165E-050   8.9962634224759526E-035  0.99999999999999989     
 SOL           3          10   228.61019054779584        2.5431648158948813E-049  -113.98647423284102       -118.01965558188303       -115.10925499093611       -113.45688103399247       -112.31965887147665       -107.09833771093895       -75.666254744923421        4.8097373517293658        7.7132664876249206E-052   2.0521623509804439E-052   7.6719114590850724E-052   1.0276848209663137E-051   2.6067032611419000E-051   4.9807864936839818E-049   6.4863254880904889E-034  0.99999999999999989     
 SOL           3          10   232.92251679300549        6.0751854893818345E-048  -110.96840440379322       -114.88453240049060       -112.04948731268118       -110.43934646486126       -109.33335493366572       -104.24759869859068       -73.716919005477649        4.8097373517293658        1.5775001489665149E-050   4.7182224589597627E-051   1.6358512138981317E-050   2.1006734877582610E-050   5.1644837677135270E-050   8.6170407767924926E-048   4.5560081583019736E-033  0.99999999999999989     
 SOL           3          10   237.35224011510130        1.3869498579383650E-046  -107.99294571833939       -111.79385997061404       -109.03308536693463       -107.46457144034093       -106.38933324741488       -101.43719809673081       -71.793723418855606        4.8097373517293658        3.0916811434286275E-049   1.0376249243406855E-049   3.3400311782394394E-049   4.1142145180490683E-049   9.8084253181512775E-049   1.4318569155699949E-046   3.1175808419112991E-032  0.99999999999999989     
 SOL           3          10   241.90335523260529        3.0260499584777062E-045  -105.06009803117821       -108.74763757963719       -106.06004852073059       -104.53255538772871       -103.48759337801081       -98.667135534721936       -69.896672734200465        4.8097373517293658        5.8064977748827576E-048   2.1827197105185086E-048   6.5301629364308131E-048   7.7204981790076278E-048   1.7857016622383977E-047   2.2851910086655424E-045   2.0782432002170383E-031  0.99999999999999989     
 SOL           3          10   246.58001024381485        6.3096230421511615E-044  -102.16986115773607       -105.74586437439368       -103.13037599659546       -101.64329755919140       -100.62813470047783       -95.937410510494715       -68.025771526222087        4.8097373517293658        1.0450286318555005E-046   4.3918905566862757E-047   1.2225443662315174E-046   1.3881425179660438E-046   3.1164203225651309E-046   3.5028942119927584E-044   1.3496415471027190E-030  0.99999999999999989     
 SOL           3          10   251.38650877277342        1.2573046664421088E-042  -99.322234865957412       -102.78853943073827       -100.24406695292529       -98.796797151825629       -97.810956546417188       -93.248022475967730       -66.181024675203247        4.8097373517293658        1.8023393909841621E-045   8.4528159618001165E-046   2.1916576685449389E-045   2.3914068904267621E-045   5.2136389751995244E-045   5.1571932413798042E-043   8.5385046039819263E-030  0.99999999999999989     
 SOL           3          10   256.32731550320892        2.3943364303935866E-041  -96.517218876438960       -99.875661739213243       -97.401120468345013       -95.993053286169868       -95.036058178995887       -90.598970821802183       -64.362437313307169        4.8097373517293658        2.9787876213270513E-044   1.5561380475216336E-044   3.7622590018784851E-044   3.9473348216968456E-044   8.3611112768407302E-044   7.2925920643404386E-042   5.2624050518909008E-029  0.99999999999999989     
 SOL           3          10   261.40706127296613        4.3574761623229585E-040  -93.754812861774056       -97.007230200773478       -94.601535537592497       -93.232065001696668       -92.303438788577651       -87.990254874303787       -62.570014836330586        4.8097373517293658        4.7177750508426135E-043   2.7402621383473285E-043   6.1843345748290587E-043   6.2428937319116317E-043   1.2853622054115907E-042   9.9045069568013072E-041   3.1595371344563719E-028  0.99999999999999989     
 SOL           3          10   266.63054786136092        7.5785768794441664E-039  -91.035016446137121       -94.183243627227696       -91.845311072750036       -90.513831259980577       -89.613097497619933       -85.421873897967913       -60.803762945049137        4.8097373517293658        7.1602766863362992E-042   4.6156609123221172E-042   9.7343297308397545E-042   9.4601899552471852E-042   1.8942003081829589E-041   1.2920119984665055E-039   1.8479784995693576E-027  0.99999999999999989     
 SOL           3          10   272.00275373034941        1.2596230841745710E-037  -88.357829205073742       -91.403700720134253       -89.132445880100391       -87.838350912754763       -86.965033323298556       -82.893827072630202       -59.063687558543485        4.8097373517293658        1.0413997051772065E-040   7.4365935023356316E-041   1.4671970202885975E-040   1.3735554869257241E-040   2.6758733949307736E-040   1.6187632380848316E-038   1.0529361891641396E-026  0.99999999999999989     
 SOL           3          10   277.52883690361665        2.0007429957031843E-036  -85.723250666087225       -88.668600103068627       -86.462938697343006       -85.205622756657419       -84.359245244505431       -80.406113533699582       -57.349795047751634        4.8097373517293658        1.4514442927228314E-039   1.1460752880142577E-039   2.1175841381081631E-039   1.9108452568888510E-039   3.6236391670571917E-039   1.9479759717940953E-037   5.8443485999396332E-026  0.99999999999999989     
 SOL           3          10   283.21414099854042        3.0369461479192335E-035  -83.131280309352945       -85.977940285844781       -83.836788153808996       -82.615645477115251       -81.795732135331832       -77.958732332041691       -55.662092062011645        4.8097373517293658        1.9385579818831104E-038   1.6894753495972383E-038   2.9265999773545782E-038   2.5470552134198381E-038   4.7039699943037767E-038   2.2514782016243814E-036   3.1600663865152398E-025  0.99999999999999989     
 SOL           3          10   289.06419849062542        4.4052973302456883E-034  -80.581917569334948       -83.331719677375389       -81.253992785669340       -80.068417671153881       -79.274492793562075       -75.551682451342060       -54.000585647236875        4.8097373517293658        2.4811496849602657E-037   2.3822693747778251E-037   3.8730860069284992E-037   3.2530095607869574E-037   5.8536247256706629E-037   2.4994026584537169E-035   1.6644826551961314E-024  0.99999999999999989     
 SOL           3          10   295.08473436918558        6.1066477969004276E-033  -78.075161837140342       -80.729936582008449       -78.714551032393587       -77.563937843002293       -76.795525936344177       -73.184962805938426       -52.365283264750040        4.8097373517293658        3.0431485132424378E-036   3.2131493258021589E-036   4.9082048667332743E-036   3.9807702141312629E-036   6.9827501593612752E-036   2.6649527273101679E-034   8.5404759665597399E-024  0.99999999999999989     
 SOL           3          10   301.28166906916380        8.0894145805310834E-032  -75.611012463915557       -78.172589199322772       -76.218461237042447       -75.102204404897876       -74.358830202032451       -70.858572242698102       -50.756192829863345        4.8097373517293658        3.5767585411744396E-035   4.1454603512914845E-035   5.9560825203622847E-035   4.6675003285392010E-035   7.9849098056568162E-035   2.7291543228602763E-033   4.2687544292243949E-023  0.99999999999999989     
 SOL           3          10   307.66112103839941        1.0240351059083167E-030  -73.189468764764186       -75.659675618965011       -73.765721640936476       -72.683215669685254       -71.964404142141603       -68.572509537095812       -49.173322721766901        4.8097373517293658        4.0285864636341074E-034   5.1158436978387138E-034   6.9210498658116689E-034   5.2436997536194596E-034   8.7529820938116730E-034   2.6844326496642761E-032   2.0784181447137531E-022  0.99999999999999989     
 SOL           3          10   314.22940753044833        1.2387765450232108E-029  -70.810530025562471       -73.191193831455067       -71.356330396082100       -70.306969867927492       -69.612246242432633       -66.326773407781459       -47.616681881408596        4.8097373517293658        4.3482314847173555E-033   6.0390035678765511E-033   7.7011804684109163E-033   5.6445361141077453E-033   9.1978269929982954E-033   2.5360821720809439E-031   9.8576513199011623E-022  0.99999999999999989     
 SOL           3          10   320.99304553255200        1.4320171096991269E-028  -68.474195509337235       -70.767141720293921       -68.990285556550532       -67.973465134994839       -67.302354907995962       -64.121362509303111       -46.086279802076831        4.8097373517293658        4.4974862537983912E-032   6.8189537043297850E-032   8.2057355840666678E-032   5.8217893197206507E-032   9.2652746320887434E-032   2.3012357097635443E-030   4.5542684939308327E-021  0.99999999999999989     
 SOL           3          10   327.95875051425696        1.5818931607149785E-027  -66.180464466104738       -68.387517070502938       -66.667585088068634       -65.682699523100155       -65.034728477900885       -61.956275443769343       -44.582126608789991        4.8097373517293658        4.4578410559783186E-031   7.3650482496052822E-031   8.3724683606687614E-031   5.7533838458471514E-031   8.9469692019845660E-031   2.0056099246403618E-029   2.0495761671031067E-020  0.99999999999999989     
 SOL           3          10   335.13343395041574        1.6698454225135274E-026  -63.929336144509321       -66.052317573712287       -64.388226873532886       -63.434671006854742       -62.809365231832928       -59.831510768269389       -43.104233113514347        4.8097373517293658        4.2342567429601502E-030   7.6092149397675646E-030   8.1802430939685041E-030   5.4479075539345148E-030   8.2820704489560573E-030   1.6788815015785658E-028   8.9847304456028957E-020  0.99999999999999989     
 SOL           3          10   342.52419929670941        1.6843870966442899E-025  -61.720809805334689       -63.761540831547812       -62.152208716419658       -61.229377485160896       -60.626263392103276       -57.747067000111684       -41.652610856569908        4.8097373517293658        3.8541444716576726E-029   7.5198910818665492E-029   7.6534377989701712E-029   4.9428398210735120E-029   7.3493343029532559E-029   1.3498405494873171E-027   3.8365122407983481E-019  0.99999999999999989     
 SOL           3          10   350.13833475947195        1.6235670908923479E-024  -59.554884741070012       -61.515184376365184       -59.959528363103281       -59.066816808004440       -58.485421154729735       -55.702942641578090       -40.227272232198132        4.8097373517293658        3.3618419619210018E-028   7.1087258062083278E-028   6.8568639886495254E-028   4.2969935887290324E-028   6.2517841216447461E-028   1.0423999923850600E-026   1.5957075048979234E-018  0.99999999999999989     
 SOL           3          10   357.98330554575438        1.4953997383129332E-023  -57.431560293451930       -59.313245666507804       -57.810183496673986       -56.946986763154186       -56.386836672668132       -53.699136175162479       -38.828230472947212        4.8097373517293658        2.8101233560814215E-027   6.4280847552761176E-027   5.8826654448126189E-027   3.5792760690449312E-027   5.0980915893969948E-027   7.7317266368241871E-026   6.4647152983448489E-018  0.99999999999999989     
 SOL           3          10   366.06674011239329        1.3161304855216123E-022  -55.350835884218732       -57.155722126422503       -55.704171779856345       -54.869885128331291       -54.330508115766406       -51.735646109426156       -37.455499855034432        4.8097373517293658        2.2509845484192822E-026   5.5600943648049435E-026   4.8328511318749340E-026   2.8567285498815213E-026   3.9852886169379387E-026   5.5081960762537236E-025   2.5510486215902467E-017  0.99999999999999989     
 SOL           3          10   374.39641531708486        1.1068553507266283E-021  -53.312711044126530       -55.042611157168068       -53.641490864709958       -52.835509676368922       -52.316433674482347       -49.812470990386728       -36.109095736371437        4.8097373517293658        1.7279011168179045E-025   4.6003894201492800E-025   3.8020196489715649E-025   2.1846758505929685E-025   2.9864908928335409E-025   3.7690659220507821E-024   9.8051584285930488E-017  0.99999999999999989     
 SOL           3          10   382.98023917260565        8.8946436770817041E-021  -51.317185441231103       -52.973910132970246       -51.622138386708613       -50.843858158312614       -50.344611537266189       -47.929609396775547       -34.789034517856805        4.8097373517293658        1.2710558774066847E-024   3.6409946057771365E-024   2.8642306988310376E-024   1.6008486429452602E-024   2.1454216960718643E-024   2.4771376131524705E-023   3.6707086753569946E-016  0.99999999999999989     
 SOL           3          10   391.82621997817694        6.8297891865753752E-020  -49.364258947223711       -50.949616512226626       -49.646112083365061       -48.894928450463659       -48.415040058989980       -46.087060063133642       -33.495334142756114        4.8097373517293640        8.9600378256402744E-024   2.7565100788073639E-023   2.0662616481422860E-023   1.1239828634654459E-023   1.4774572165737537E-023   1.5637205442198257E-022   1.3384336670638874E-015  0.99999999999999822     
 SOL           3          10   400.94244229204367        5.0109743125558466E-019  -47.453931669267440       -48.969727801319074       -47.713409750893220       -46.988718482363765       -46.527717671500710       -44.284821835991224       -32.228013853579093        4.8097373517293613        6.0527737227650082E-023   1.9962472307756709E-022   1.4274051948813225E-022   7.5616428397425974E-023   9.7536824485474028E-023   9.4811552734872288E-022   4.7532106416063469E-015  0.99999999999999556     
 SOL           3          10   410.33702701978876        3.5129181648617453E-018  -45.586204024302141       -47.034241643332052       -45.824029336646618       -45.125226343064270       -44.682643001712840       -42.522893769311757       -30.987094531203507        4.8097373517293498        3.9183050908686715E-022   1.3828825131152499E-021   9.4426688862087082E-022   4.8743926873394070E-022   6.1726884819619302E-022   5.5214977047921879E-021   1.6440365744891273E-014  0.99999999999998390     
 SOL           3          10   420.01808725190011        2.3530950165699973E-017  -43.761076814016690       -45.143155875508469       -43.977968996108949       -43.304450336128099       -42.879814927868438       -40.801275182926510       -29.772598845091185        4.8097373517293107        2.4307535272804629E-021   9.1637535059949098E-021   5.9817544351583266E-021   3.0107416196405558E-021   3.7448346297297288E-021   3.0884910558923411E-020   5.5380930669065154E-014  0.99999999999994493     
 SOL           3          10   429.99367595871138        1.5060202103988066E-016  -41.978551311156650       -43.296468593353481       -42.175227155916438       -41.526389038724332       -41.119232638802949       -39.119965726600107       -28.584551398827102        4.8097373517291846        1.4450468059207334E-020   5.8087073284599299E-020   3.6286862056168808E-020   1.7818686875416705E-020   2.1779294991489072E-020   1.6593185458613960E-019   1.8168651719938107E-013  0.99999999999981881     
 SOL           3          10   440.27172028159021        9.2095006618235211E-016  -40.238629375730028       -41.494178264982978       -40.415802629735261       -39.791041424574274       -39.400895764934283       -37.478965497385168       -27.422979055377258        4.8097373517287858        8.2322852402457105E-020   3.5221207383880395E-019   2.1079377273243015E-019   1.0104796905483419E-019   1.2142497973186124E-019   8.5626286882313711E-019   5.8047986357343506E-013  0.99999999999942002     
 SOL           3          10   450.85994887641181        5.3808272296524350E-015  -38.541313571881901       -39.736283812631584       -38.699694696853406       -38.098406932890924       -37.724804444043137       -35.878275117955191       -26.287911061161587        4.8097373517275592        4.4942300321669275E-019   2.0429046640129712E-018   1.1726110500072356E-018   5.4907214081574283E-019   6.4897094199994100E-019   4.2440267306724359E-018   1.8060963936716728E-012  0.99999999999819345     
 SOL           3          10   461.76580073967165        3.0037452154866903E-014  -36.886607328960288       -38.022784769231741       -37.026903259729650       -36.448485632753751       -36.090959494223071       -34.317895894429817       -25.179379436305467        4.8097373517238937        2.3511757187331369E-018   1.1334732604661855E-017   6.2465191096161315E-018   2.8587825662448023E-018   3.3250263970605284E-018   2.0204225035696370E-017   5.4723024580142761E-012  0.99999999999452793     
 SOL           3          10   472.99632236967977        1.6020322471999119E-013  -35.274515114764938       -36.353681421386867       -35.397428984392896       -34.841278357590468       -34.499362548537121       -32.797829955310377       -24.097419227375223        4.8097373517132196        1.1787123691536740E-017   6.0158036508748752E-017   3.1864694502383398E-017   1.4262063831505809E-017   1.6331153783761180E-017   9.2384358298931579E-017   1.6145795278253163E-011  0.99999999998385380     
 SOL           3          10   484.55804494843801        8.1633079025852109E-013  -33.705042651344513       -34.728975006747632       -33.811273496508292       -33.276786902019445       -32.950016257113170       -31.318080445479264       -23.042068902525450        4.8097373516829780        5.6626676277771653E-017   3.0541803841677159E-016   1.5565688493631200E-016   6.8176135809762710E-017   7.6893461750895523E-017   4.0573782170811999E-016   4.6386570401306517E-011  0.99999999995361222     
 SOL           3          10   496.45684205556000        3.9741118051511289E-012  -32.178197166805177       -33.148667940779227       -32.268439605602531       -31.755014243988345       -31.442924513054432       -29.878651746820537       -22.013370761496493        4.8097373515995985        2.6068836003207277E-016   1.4832464650602868E-015   7.2813612839067410E-016   3.1226970291823379E-016   3.4706517766994506E-016   1.7115178550742735E-015   1.2976279467050087E-010  0.99999999987023258     
 SOL           3          10   508.69776407608850        1.8483521502854934E-011  -30.693987694784219       -31.612764090664342       -30.768931575857394       -30.275964813741478       -29.978092725915886       -28.479549743746517       -21.011371413488284        4.8097373513759072        1.1500206101482944E-015   6.8904548101564237E-015   3.2616746866158853E-015   1.3704804860515686E-015   1.5016869392655637E-015   6.9343173567325680E-015   3.5343778595203808E-010  0.99999999964654140     
 SOL           3          10   521.28484817594767        8.2128015553406102E-011  -29.252425421111479       -30.121269087605263       -29.312755433537557       -28.839644795314808       -28.555528125443814       -27.120782123099570       -20.036122266599879        4.8097373507920214        4.8614762053872299E-015   3.0619347980341236E-014   1.3991037042559587E-014   5.7631339571325540E-015   6.2286131697276350E-015   2.6984165609626397E-014   9.3725615460560697E-010  0.99999999906265558     
 SOL           3           2   536.06323249729837        4.2542510177232342E-010  -27.660734065606079       -28.474783673796665       -27.705228883452556       -27.254024324811116       -26.985029754017436       -25.620670635734886       -18.956804042998655        4.8097373489708959        2.3879813849830435E-014   1.5887496510905275E-013   6.9821603208133056E-014   2.8137462880905656E-014   2.9953676579277181E-014   1.2094812352077938E-013   2.7580380262042285E-009  0.99999999724153010     
 SOL           3           2   543.61213433891680        9.4581636892833800E-010  -26.886813313676509       -27.674357142089708       -26.923729744861316       -26.483169256738744       -26.221500907807503       -24.891343878706060       -18.431003728762327        4.8097373470623488        5.1777425089516008E-014   3.5373358377963059E-013   1.5254240180497746E-013   6.0822327799369155E-014   6.4275653508030827E-014   2.5080819394592713E-013   4.6660826239936964E-009  0.99999999533298300     
 SOL           3           2   551.30499962773820        2.0781781081955460E-009  -26.123758560864921       -26.885260800888570       -26.153284669423321       -25.723213936575906       -25.468751058009758       -24.172301211515034       -17.911905686609821        4.8097373438859607        1.1105315915774553E-013   7.7871130697909909E-013   3.2960259706894388E-013   1.3004912650504872E-013   1.3644625083105527E-013   5.1477563557128013E-013   7.8414041827389958E-009  0.99999999215659496     
 SOL           3           2   559.14467697129101        4.5128114509869364E-009  -25.371571272227147       -26.107495818377789       -25.393894828519105       -24.974159533784260       -24.726781427548595       -23.463543848134194       -17.399513473940811        4.8097373386356272        2.3561433312952729E-013   1.6949446515284786E-012   7.0435149791380393E-013   2.7505378986680328E-013   2.8654637795537714E-013   1.0457488493727683E-012   1.3089496777887628E-008  0.99999998690626146     
 SOL           3           2   567.13402847538498        9.6849241320465330E-009  -24.630252964538244       -25.341063397408075       -24.645561428987996       -24.236007253496478       -23.995593278122158       -22.765073042229218       -16.893830821221428        4.8097373300165431        4.9448390095703288E-013   3.6476477482212491E-012   1.4886291142796472E-012   5.7543078888123769E-013   5.9531373373019681E-013   2.1026617391211505E-012   2.1703917813573267E-008  0.99999997828717757     
 SOL           3           2   575.27592381293357        2.0541202340663026E-008  -23.899805209040764       -24.585964777066547       -23.908285714741638       -23.508758338122430       -23.275187911995964       -22.076890089136935       -16.394861642660622        4.8097373159640231        1.0265534957652518E-012   7.7615427905142866E-012   3.1115822322237913E-012   1.1907848109371828E-012   1.2235281816945000E-012   4.1844990273424758E-012   3.5746843345564126E-008  0.99999996423465798     
 SOL           3           2   583.57323348856221        4.3055828797527329E-008  -23.180229634395129       -23.842201234343460       -23.182068968466922       -22.792414069031267       -22.565566673876770       -21.398996327980957       -15.902610047585515        4.8097372932096460        2.1080906771707155E-012   1.6329032694738993E-011   6.4324024471269680E-012   2.4374608539086353E-012   2.4877032006652138E-012   8.2423108799857269E-012   5.8481681139888585E-008  0.99999994148028193     
 SOL           3           2   592.02882121116818        8.9188776910252562E-008  -22.471527929853114       -23.109774085902931       -22.466912513421189       -22.086975768306402       -21.866730952860490       -20.731393143940192       -15.417080352536138        4.8097372566171428        4.2822747413517669E-012   3.3966400615234072E-011   1.3151088810596624E-011   4.9352097008240053E-012   5.0037898556055978E-012   1.6068871210452936E-011   9.5034811121643586E-008  0.99999990488778145     
 SOL           3           2   600.64553527614089        1.8258125199682913E-007  -21.773701848677419       -22.388684689965913       -21.762817715322210       -21.392444800568601       -21.178682184444522       -20.074081970689001       -14.938277094089800        4.8097371981738171        8.6047160529693892E-012   6.9857762794958262E-011   2.6591705732082011E-011   9.8840874160865997E-012   9.9566867920599279E-012   3.1006445694348312E-011   1.5339963595968283E-007  0.99999984644446305     
 SOL           3           2   609.42619884607507        3.6937310599207206E-007  -21.086753211831979       -21.678934448314504       -21.069785984334718       -20.708822574860374       -20.501421852592273       -19.427064293032526       -14.466205042419030        4.8097371054709877        1.7103088616605406E-011   1.4205459512147888E-010   5.3177271816465553E-011   1.9580777750560932E-011   1.9599512563310994E-011   5.9217244171337089E-011   2.4594761533338278E-007  0.99999975374165218     
 SOL           3           2   618.37359900192985        7.3846976517453888E-007  -20.410683911966100       -20.980524808427511       -20.387818777155168       -20.036110546584851       -19.834951491836197       -18.790341649767917       -14.000869215586526        4.8097369594327990        3.3626968128733252E-011   2.8560824419678239E-010   1.0517212468842374E-010   3.8369404579479366E-011   3.8167144636104310E-011   1.1193691228443410E-010   3.9168360911498497E-007  0.99999960770351004     
 SOL           3           2   627.49047441364564        1.4589943020207881E-006  -19.745495917711057       -20.293457265758221       -19.716917599197373       -19.374310219494664       -19.179272689408752       -18.163915636812064       -13.542274894592316        4.8097367309487140        6.5399614383804720E-011   5.6775423427692966E-010   2.0571659490920953E-010   7.4370600811432407E-011   7.3527086334698448E-011   2.0942411252842966E-010   6.1958426653644371E-007  0.99999937921954096     
 SOL           3           2   636.77950212868495        2.8485431298615007E-006  -19.091191279914469       -19.617733366166412       -19.057084006546106       -18.723423146365036       -18.534387085290071       -17.547787909974243       -13.090427626012227        4.8097363759205054        1.2581606011261372E-010   1.1158955423828551E-009   3.9795266313179381E-010   1.4258635076908676E-010   1.4012564214085766E-010   3.8779977755874191E-010   9.7349820783826450E-007  0.99999902419161568     
 SOL           3           2   646.24328003912308        5.4958523091510614E-006  -18.447772132043713       -18.953354708517971       -18.408319609305007       -18.083450934913575       -17.900296380276227       -16.941960190674180       -12.645333275329905        4.8097358280358469        2.3942498382285102E-010   2.1685005050830872E-009   7.6135326262810708E-010   2.7040477362286018E-010   2.6417986263402520E-010   7.1074725507420175E-010   1.5192777471222286E-006  0.99999847630764194     
 SOL           3           2   655.88431154755665        1.0478156764658236E-005  -17.815240701270834       -18.300322947466753       -17.770626072916169       -17.454395245055252       -17.277002330613588       -16.346434267828986       -12.206997996873836        4.8097349883099012        4.5068632097461084E-010   4.1664638491968280E-009   1.4405654584719434E-009   5.0723564964197706E-010   4.9271170133883067E-010   1.2892846534747516E-009   2.3550697244611772E-006  0.99999763658332830     
 SOL           3           2   665.70498418376928        1.9740886770852770E-005  -17.193599310921908       -17.658639796435029       -17.144005121482905       -16.836257793764627       -16.664506754246897       -15.761212004008110       -11.775428276222646        4.8097337100718915        8.3916971539677184E-010   7.9149298414454983E-009   2.6956966480153814E-009   9.4115998313445845E-010   9.0906790563282793E-010   2.3147687630888216E-009   3.6260360510986811E-006  0.99999635834915657     
 SOL           3           2   675.70754690127899        3.6751451282405455E-005  -16.582850387005742       -17.028307030810563       -16.528458540487350       -16.229040356854508       -16.062811532164645       -15.186295340693702       -11.350630941276531        4.8097317775873591        1.5455913901366660E-009   1.4866102109192400E-008   4.9888391550068714E-009   1.7273272938071813E-009   1.6592401193781772E-009   4.1133034282737978E-009   5.5452260676871882E-006  0.99999442587352894     
 SOL           3           2   685.89408345041693        6.7608660900229678E-005  -15.982996463930737       -16.409326491380412       -15.923988179969339       -15.632744771804541       -15.471918611143330       -14.621686304782081       -10.932613179858258        4.8097288758656500        2.8158397704304595E-009   2.7606855632177505E-008   9.1309853111230194E-009   3.1357578461201756E-009   2.9959238831535533E-009   7.2343136867177594E-009   8.4229081199099266E-006  0.99999152417220427     
 SOL           3           2   696.26648108196423        1.2289773926747158E-004  -15.394040189685366       -15.801700088023827       -15.330595958194515       -15.047372941447827       -14.891830007490945       -14.067387016331121       -10.521382559010979        4.8097245483655975        5.0744432334615919E-009   5.0688067998688296E-008   1.6528163931273186E-008   5.6307503616514625E-009   5.3513093154597364E-009   1.2592920410574624E-008   1.2707416150396053E-005  0.99998719671819436     
 SOL           3           2   706.82639309013223        2.2074590634984530E-004  -14.815984329801363       -15.205429803689167       -14.748283866087677       -14.472926839162543       -14.322547812632472       -13.523399697955243       -10.116947047578424        4.8097181382334044        9.0455477117195745E-009   9.2015847904012823E-008   2.9588267746182547E-008   1.0001037270978087E-008   9.4557541190399124E-009   2.1695873957223801E-008   1.9041509055047999E-005  0.99998078668861667     
 SOL           3           2   717.57519304036634        3.9177964637335971E-004  -14.248831769070634       -14.620517698682777       -14.177053972852091       -13.909408516565675       -13.764074201848421       -12.989726686410085       -9.7193150447491394        4.8097087073314837        1.5949464130489566E-008   1.6515310075501331E-007   5.2384346514980844E-008   1.7570250112670504E-008   1.6528680241900284E-008   3.6995456721447602E-008   2.8339406336558206E-005  0.99997135601236475     
 SOL           3           2   728.51391759018236        6.8704394045496480E-004  -13.692585509524546       -14.046965915301048       -13.616908433392256       -13.356820115181563       -13.216411448117837       -12.466370447091514       -9.3284954188137377        4.8096949255861379        2.7817671699273111E-008   2.9307387502511838E-007   9.1721182969824021E-008   3.0532617508535175E-008   2.8581504768009235E-008   6.2436581969600581E-008   4.1891079817521878E-005  0.99995757475674818     
 SOL           3           2   739.64319351856079        1.1904558757791805E-003  -13.147248662595411       -13.484776682840772       -13.067849498415496       -12.815163884180309       -12.679561943855408       -11.953333592407548       -8.9444975625256316        4.8096749210323519        4.7990752606054227E-008   5.1420084743153172E-007   1.5882648078828038E-007   5.2481029933201011E-008   4.8891782066748025E-008   1.0429132737631125E-007   6.1502066038379336E-005  0.99993757125174154     
 SOL           3           2   750.96314285817732        2.0380212942123113E-003  -12.612824432686912       -12.933952323027304       -12.529879528406434       -12.284442207040351       -12.153528234354003       -11.450618905265433       -8.5673314740625699        4.8096460783033388        8.1894560166176163E-008   8.9197517609433813E-007   2.7199461288054543E-007   8.9226086540353752E-008   8.2735025401363694E-008   1.7241474715909072E-007   8.9679020526428735E-005  0.99990873073926545     
 SOL           3           2   762.47325772057161        3.4473053025271356E-003  -12.089316088488758       -12.394495255905078       -12.003001013072847       -11.764657640984078       -11.638313068101953       -10.958229369311463       -8.1970078767838483        4.8096047701452731        1.3823303389670373E-007   1.5298047162836354E-006   4.6066024510456551E-007   1.5004841563111392E-007   1.3849832091778100E-007   2.8210869244826953E-007   1.2987344211853318E-004  0.99986742720445709     
 SOL           3           2   774.17223363781841        5.7611549246112956E-003  -11.576726917616622       -11.866408006240912       -11.487216598273884       -11.255812973973770       -11.133919470394021       -10.476168207938212       -7.8335383941241021        4.8095460027951855        2.3079504908198952E-007   2.5940681053578567E-006   7.7158372683023765E-007   2.4958578403900571E-007   2.2935059146719666E-007   4.5684930687673817E-007   1.8679839557701628E-004  0.99980866937185942     
 SOL           3           2   786.05774687807730        9.5123516478009956E-003  -11.075060159382655       -11.349693210497245       -10.982529122890572       -10.757911305088069       -10.640350848043333       -10.004438934546464       -7.4769358001650161        4.8094629517347736        3.8115146479491137E-007   4.3489834852889292E-006   1.2781035619314082E-006   4.1063483850733011E-007   3.7571107192765909E-007   7.3222135490244956E-007   2.6683554457969491E-004  0.99972563764964295     
 SOL           3           2   798.12615717734798        1.5516849826304770E-002  -10.584318909690438       -10.844353624440316       -10.488941668577406       -10.270956155266358       -10.157611134614719       -9.5430454171956018       -7.1272143731222277        4.8093463594693748        6.2262106490955673E-007   7.2086502053471275E-006   2.0937670113047994E-006   6.6824809120656177E-007   6.0884281789603644E-007   1.1615102570154777E-006   3.7855219303064642E-004  0.99960908416752159     
 SOL           3           2   810.37211340966962        2.5005997394495650E-002  -10.104505992120963       -10.350392131457404       -10.006457625603131       -9.7949516158570713       -9.6857049861475932       -9.0919919612159710       -6.7843903806893033        4.8091837617008544        1.0060137401645078E-006   1.1813503189273059E-005   3.3920989338890123E-006   1.0756323907009552E-006   9.7600360901833479E-007   1.8235306874617874E-006   5.3335004327230233E-004  0.99944656317417668     
 SOL           3           2   822.78803585241951        3.9810362831140034E-002  -9.6356237897536658       -9.8678117516678903       -9.5350807781273215       -9.3299025425783384       -9.2246380375465264       -8.6512834139017993       -6.4484827290364031        4.8089585027997623        1.6078179226565874E-006   1.9140827039172287E-005   5.4348163611779519E-006   1.7125060642479141E-006   1.5477123752316215E-006   2.8334161599337341E-006   7.4626860958067556E-004  0.99922145429449705     
 SOL           3           2   835.36344573889596        6.2610100211708070E-002  -9.1776740337287936       -9.3966156519254067       -9.0748154120943507       -8.8758148018542986       -8.7744172289013918       -8.2209252958513694       -6.1195138075418098        4.8086484962200498        2.5416861215887901E-006   3.0661864840166167E-005   8.6114360904197562E-006   2.6967452234269908E-006   2.4278322048675627E-006   4.3572504398620221E-006   1.0369661063359262E-003  0.99891173707874370     
 SOL           3           2   848.08411128272007        9.7268572985613089E-002  -8.7306575468832168       -8.9368071568230203       -8.6256664484554566       -8.4326955751510866       -8.3350512091971751       -7.8009239640033625       -5.7975105621126959        4.8082246810198939        3.9742822868522783E-006   4.8561361795575979E-005   1.3493931440901255E-005   4.2003371662335208E-006   3.7673234237515692E-006   6.6315764899184284E-006   1.4308983871883570E-003  0.99848847280020847     
 SOL           3           2   860.93098272507916       0.14926667440514191       -8.2945739466624424       -8.4883897608307173       -8.1876396029190897       -8.0005537221506930       -7.9065508179259218       -7.3912868104071627       -5.4825058024669202        4.8076491227199893        6.1467763598151452E-006   7.6038940640632367E-005   2.0910823735947086E-005   6.4708446762973101E-006   5.7826680319860441E-006   9.9889522852910651E-006   1.9607111703466261E-003  0.99791394982392312     
 SOL           3           2   873.87889072679582       0.22625420977110980       -7.8694213125674519       -8.0513671417150814       -7.7607415730425906       -7.5794002037761876       -7.4889296461486055       -6.9920225028348355       -5.1745397834813778        4.8068727064861712        9.4034854147409070E-006   1.1771520673541773E-004   3.2045761780844543E-005   9.8597436680041490E-006   8.7800872520414825E-006   1.4890806638308247E-005   2.6678509706880519E-003  0.99713945393782266     
 SOL           3           2   886.89500017047078       0.33873103025060103       -7.4551958372946352       -7.6257431754154981       -7.3449802495958068       -7.1692485531532482       -7.0822046593155621       -6.6031412681865813       -4.8736619993103307        4.8058323740381095        1.4229337929419701E-005   1.8016843643822481E-004   4.8566124462154052E-005   1.4859090335052733E-005   1.3186734102587855E-005   2.1968843675454026E-005   3.6043846136516169E-003  0.99610263681940570     
 SOL           3           2   899.93701982142295       0.50086362557228037       -7.0518914790344729       -7.2115219525805880       -6.9403649492515624       -6.7701153853430851       -6.6863968694667291       -6.2246552228625882       -4.5799331977052837        4.8044478644847528        2.1297937624485163E-005   2.7262940828507972E-004   7.2787305186200563E-005   2.2147951066023021E-005   1.9589997843400117E-005   3.2076103009452153E-005   4.8349938368349634E-003  0.99472447746015058     
 SOL           3           2   912.95119386068825       0.73143214807424595       -6.6594996433685676       -6.8087077970037724       -6.5469066624741936       -6.3820209261525491       -6.3015320288678129       -5.8565787491070465       -4.2934275378956510        4.8026179343040001        3.1531973997280134E-005   4.0786145666614980E-004   1.0787788009168446E-004   3.2649823462514565E-005   2.8785850446413195E-005   4.6348446378746287E-005   6.4390789777812162E-003  0.99290586559117622     
 SOL           3           2   925.87012366991553        1.0548889468228415       -6.2780089251680300       -6.4173052862394897       -6.1646183097376266       -6.0049895381222491       -5.9276413141239361       -5.4989289139740247       -4.0142347993016942        4.8002160539482768        4.6177506016055258E-005   6.0324900825941131E-004   1.5810955838013700E-004   4.7601812429892031E-005   4.1836730643690065E-005   6.6276647290326157E-005   8.5128624796235921E-003  0.99052388625735732     
 SOL           3           2   938.61048596152011        1.5024930344568286       -5.9074049365193604       -6.0373192747332922       -5.7935150005410687       -5.6390502254297408       -5.5647619751568271       -5.1517259258848815       -3.7424625614266436        4.7970856084295184        6.6893164391299467E-005   8.8210938890119148E-004   2.2915336817267568E-004   6.8635517561987458E-005   6.0138727368023409E-005   9.3788345072675895E-005   1.1171327939531375E-002  0.98742795354900081     
 SOL           3           2   951.07072688040137        2.1134700585353503       -5.5476702400851883       -5.6687549198622609       -5.4336142920472232       -5.2842371039965572       -5.2129379290235018       -4.8149936190760263       -3.4782382467502053        4.7930346655116693        9.5854506239058846E-005   1.2752282062682720E-003   3.2841965214659306E-004   9.7868356136307801E-005   8.5496724247404029E-005   1.3133783571609453E-004   1.4549764459871420E-002  0.98343603025937443     
 SOL           3           2   963.12880228179779        2.9361357793907241       -5.1987843879487983       -5.3116177113598413       -5.0849364507636041       -4.9405898399478172       -4.8722203019079693       -4.4887599544971506       -3.2217109632042997        4.7878304165320191        1.3587255271359182E-004   1.8225969076435138E-003   4.6543388621925972E-004   1.3800232529032806E-004   1.2020464790260462E-004   1.8199997809566966E-004   1.8804610680073660E-002  0.97833127902206152     
 SOL           3           2   974.64000035528511        4.0289196736388533       -4.8607240403953167       -4.9659135046952478       -4.7475047299631061       -4.6081540819923514       -4.5426679528998228       -4.1730575227574187       -2.9730531172811441        4.7811934385009973        1.9052390676553400E-004   2.5753013671910448E-003   6.5223294777150525E-004   1.9242496641803898E-004   1.6712600325680447E-004   2.4956240357895546E-004   2.4113212689195737E-002  0.97185961571582258     
 SOL           3           2   985.43480641237863        5.4612370871413978       -4.5334631011230808       -4.6316485590972345       -4.4213456898946744       -4.2869819493120325       -4.2243480628029628       -3.8679240349372939       -2.7324618787944606        4.7727919712844464        2.6428778940723027E-004   3.5974724752317459E-003   9.0375727211715058E-004   2.6530455376428384E-004   2.2976750010309213E-004   3.3860779350508162E-004   3.0672030267572009E-002  0.96372877234829968     
 SOL           3           2   995.31664893643983        7.3141858156781439       -4.2169727610860850       -4.3088295810620396       -4.1064896064226248       -3.9771326812393482       -3.9173369321640297       -3.5734027869160672       -2.5001606991161158        4.7622364518639246        3.6268292250771130E-004   4.9681646525417582E-003   1.2382036061762936E-003   3.6166837241625207E-004   3.1233585249986845E-004   4.5457537175110964E-004   3.8692754210203829E-002  0.95360961501190333     
 SOL           3           2   1004.0591864410625        9.6810836545919106       -3.9112212874505117       -3.9974637743749599       -3.8029710399817995       -3.6786736173420769       -3.6217212183197685       -3.2895430848330149       -2.2764012896912025        4.7490746109453337        4.9239460340418171E-004   6.7829783719386486E-003   1.6772913338417078E-003   4.8744953033026705E-004   4.1976489175966350E-004   6.0378817717722012E-004   4.8395738494916969E-002  0.94114059459663180     
 SOL           3           2   1011.4025482815533        12.667908290058161       -3.6161733250760251       -3.6975588979167129       -3.5108296746020455       -3.3916817630308391       -3.3375999598184936       -3.0164006200073796       -2.0614667505929289        4.7327875450957837        6.6137989129635272E-004   9.1551921812315761E-003   2.2463834250086197E-003   6.4948426654115501E-004   5.5769712680526237E-004   7.9343046169637213E-004   6.0000104345890128E-002  0.92593632830153105     
 SOL           4           2   1020.7482269113020        21.207386050540180       -3.0466545062064023       -3.1206877677563414       -2.9497205761187328       -2.8415586988566273       -2.7935366717762378       -2.4921103240594729       -1.6513001201706119        4.6872783860804086        1.1689336660909804E-003   1.6300443238822421E-002   3.9370458382675336E-003   1.1258591094363297E-003   9.6090862342140555E-004   1.3403099834983639E-003   9.0424290519454206E-002  0.88474220902100864     
 SOL           4           2   1019.6548942154785        34.069747829408726       -2.5201051313499399       -2.5907237132223848       -2.4358125815811902       -2.3397246174514628       -2.2983012857204228       -2.0124960781761874       -1.2820919808446543        4.6201956480879582        1.9790982498303551E-003   2.7692354230769017E-002   6.5819999924534465E-003   1.8596354584936607E-003   1.5767400035505549E-003   2.1652052573749793E-003  0.13080675364569730       0.82733821316183109     
 SOL           4           2   1003.0205688523343        52.737583182572315       -2.0356441847795521       -2.1078519557235489       -1.9700766394524065       -1.8880335666228043       -1.8542931500892423       -1.5783870916328744      -0.95940213585615886        4.5248180017606288        3.2126696499783767E-003   4.4881609013964555E-002   1.0486351888308234E-002   2.9214250536057332E-003   2.4580480571256367E-003   3.3421828806882293E-003  0.18062280671804889       0.75207490673828059     
 SOL           3           1   987.44152905236319        63.995549484723767       -1.8216301801968147       -1.8969372254428623       -1.7680293800569507       -1.6937683035474886       -1.6643313643518383       -1.3900633735318304      -0.82645659752984202        4.4685225425696267        3.9793411394525675E-003   5.5420127626169158E-002   1.2834307398137373E-002   3.5478322826102389E-003   2.9722800384411846E-003   4.0347642296712964E-003  0.20630516464169318       0.71090618264382510     
 SOL           3           1   977.43770734657733        70.119601335529865       -1.7204043447415955       -1.7979623442996453       -1.6736917470108370       -1.6036449123489553       -1.5765626802053994       -1.3020367255702303      -0.76689534672719362        4.4383940772056016        4.4032464490729190E-003   6.1185958288679135E-002   1.4104014651939381E-002   3.8824258741586046E-003   3.2449438035532740E-003   4.4060320241931178E-003  0.21896627120318965       0.68980710770521381     
 SOL           3           1   968.53467446198601        75.078323355418959       -1.6444849681501812       -1.7241638392639715       -1.6036200463014283       -1.5370323328188968       -1.5118986476617415       -1.2365617571271343      -0.72409673122813900        4.4143106161508783        4.7505551019556055E-003   6.5872182035785765E-002   1.5127755734667360E-002   4.1498523823502251E-003   3.4617078470109679E-003   4.7041706384128813E-003  0.22854115892127486       0.67339261733854250     
 SOL           3           1   952.44756619415125        83.122036901588785       -1.5306059032630599       -1.6143498001299335       -1.4999120009574662       -1.4391294073636214       -1.4173024146792168       -1.1394010148390752      -0.66378111223896619        4.3759678320154958        5.3235508817383627E-003   7.3517999517710278E-002   1.6780864678214307E-002   4.5766884399146956E-003   3.8051609791103095E-003   5.1841724659915309E-003  0.24274995933969054       0.64806160369763022     
 SOL           3           1   937.75503296329850        89.622481533531825       -1.4451966045977187       -1.5328901431320128       -1.4235652611307992       -1.3677714737961919       -1.3488268257168015       -1.0675377183134274      -0.62254796483381891        4.3458002912533278        5.7982134157905617E-003   7.9757431687959776E-002   1.8112204083619864E-002   4.9152057880617623E-003   4.0748497980426296E-003   5.5704370949696443E-003  0.25296852834024158       0.62880312979131414     
 SOL           3           1   924.92167198464165        94.734819493273548       -1.3811396305987129       -1.4724626036052209       -1.3673733810000508       -1.3157960778813345       -1.2993188987248787       -1.0143393463129455      -0.59461187935637116        4.3227332835910968        6.1817834398619010E-003   8.4725571613273182E-002   1.9159100984325873E-002   5.1774311590813684E-003   4.2816644048153905E-003   5.8747992893126953E-003  0.26013511589646593       0.61446453321286365     
 SOL           3           1   914.09152183296442        98.677043408426059       -1.3330969000994586       -1.4276150303611657       -1.3259905869196522       -1.2779149526813307       -1.2635093337112897      -0.97491094704309589      -0.57578685195983037        4.3054385252924048        6.4860229277504322E-003   8.8611800515432021E-002   1.9968592096901664E-002   5.3773201851590657E-003   4.4377672513437535E-003   6.1110603114827525E-003  0.26507855074051517       0.60392888597141470     
 SOL           3           1   905.19495412606113        101.67622916727879       -1.2970648522250179       -1.3943009893914120       -1.2954732115530072       -1.2502559392024222       -1.2375563860190752      -0.94564672403759487      -0.56311598780377170        4.2926275031026080        6.7239890746313138E-003   9.1613540093771303E-002   2.0587374908651278E-002   5.5281275337746866E-003   4.5544479475202381E-003   6.2925381966821101E-003  0.26845869449519438       0.59624128774977503     
 SOL           3           1   890.43276026210322        106.20093800378493       -1.2430167804133567       -1.3449564542902421       -1.2507145116906304       -1.2102398107762848       -1.2004002982338395      -0.90232583511579834      -0.54692912497312141        4.2739936523968689        7.0974081103977365E-003   9.6247559160498722E-002   2.1529771953055599E-002   5.7538274976957366E-003   4.7268565959114571E-003   6.5711273420018326E-003  0.27283955913240049       0.58523389020803818     
 SOL           3           1   878.09295227252790        109.56882342646080       -1.2024807265546107       -1.3085465502666482       -1.2181227056831536       -1.1816425110800493       -1.1742392638493888      -0.87036554707488856      -0.53747743665937131        4.2607969064340390        7.3910197530722482E-003   9.9816501715382297E-002   2.2243026088853299E-002   5.9207467718308598E-003   4.8521477816672477E-003   6.7845345776965799E-003  0.27543057907251711       0.57756144423898059     
 SOL           3           1   868.03086835565819        112.04581031779446       -1.1720786861605512       -1.2816470249724847       -1.1943489356724752       -1.1611649317632855       -1.1557898333675019      -0.84674535104823878      -0.53221530657214344        4.2515554555063035        7.6191724144876417E-003  0.10253795705821168        2.2778162576987143E-002   6.0432392275749196E-003   4.9424980374528794E-003   6.9466941961739553E-003  0.27688375064533138       0.57224852584378050     
 SOL           3           1   859.98598277814961        113.85652865602650       -1.1492771558650068       -1.2617388712698430       -1.1769587394477981       -1.1464442316606573       -1.1427227800937407      -0.82925371749667398      -0.52945799486119705        4.2451060010395620        7.7948969863537191E-003  0.10459975365311408        2.3177743620191343E-002   6.1328579466848124E-003   5.0075057270944721E-003   7.0692721444394922E-003  0.27764825896306039       0.56856971095906150     
 SOL           3           1   847.04640211031415        116.45953825782853       -1.1150748604216900       -1.2323712729130971       -1.1516951939612661       -1.1255535293472057       -1.1245608439138404      -0.80342287795009637      -0.52751996325276240        4.2364035865678931        8.0661120057815838E-003  0.10771714835634523        2.3770754843130248E-002   6.2623252796433241E-003   5.0992826268798069E-003   7.2542562406689350E-003  0.27818687182074481       0.56364324882680616     
 SOL           3           1   836.59978707046889        118.28824154929951       -1.0894231388392024       -1.2107924788755149       -1.1334947270948403       -1.1109679258988980       -1.1122482120309656      -0.78441077229033496      -0.52804221517280803        4.2308081410290388        8.2756982974295460E-003  0.11006681482439223        2.4207354788294912E-002   6.3543344462835523E-003   5.1624563359462562E-003   7.3934943374432379E-003  0.27804162612352834       0.56049822084668199     
 SOL           3           1   828.31807073393804        119.56804549339496       -1.0701843476523365       -1.1948947182901943       -1.1203263669731369       -1.1007269850283212       -1.1038583689492263      -0.77037955753821152      -0.52969249281507247        4.2272328957919214        8.4364541446233007E-003  0.11183061377335342        2.4528234043691866E-002   6.4197431613574486E-003   5.2059507349839426E-003   7.4979652572457686E-003  0.27758315864768018       0.55849788023706448     
 SOL           3           1   815.13652800713999        121.30075634402098       -1.0413261608720379       -1.1715669136245170       -1.1014536356914757       -1.0866401620864077       -1.0928158357261799      -0.74974043950771174      -0.53443340662260319        4.2230233108047388        8.6834618696303590E-003  0.11447004283585391        2.4995544656951751E-002   6.5108169104526542E-003   5.2637561908794135E-003   7.6543246568605760E-003  0.27627027541030152       0.55615177746906963     
 SOL           3           1   804.62687970247487        122.41941957546966       -1.0196825207868139       -1.1545268439693326       -1.0880780778038939       -1.0772035507966429       -1.0858997305128437      -0.73461548507082430      -0.53996462813793500        4.2208905473709928        8.8734522177422205E-003  0.11643733412721451        2.5332119934580066E-002   6.5725477657666955E-003   5.3002870625754829E-003   7.7709759172452349E-003  0.27474638170095877       0.55496690127391723     
 SOL           3           1   796.38380354396406        123.13680068810035       -1.0034497907228959       -1.1420297397465877       -1.0785340512659873       -1.0708324967930141       -1.0815677452259358      -0.72348982046384014      -0.54532954079801388        4.2199272903227936        9.0186680079887682E-003  0.11790159407480554        2.5575047770362500E-002   6.6145554971943658E-003   5.3232976328880972E-003   7.8579159248649885E-003  0.27327633821285341       0.55443258287904240     
 SOL           3           1   783.43291453153574        123.98564752035522      -0.97910069562701896       -1.1237790719070251       -1.0650787236522965       -1.0625226741288876       -1.0765791520599195      -0.70718000005030057      -0.55548606975971504        4.2195848749819262        9.2409597315559894E-003  0.12007313264501052        2.5921493963491957E-002   6.6697502922433080E-003   5.3499197473193087E-003   7.9871279707581875E-003  0.27051484649301288       0.55424276915660764     
 SOL           3           1   773.26120180616135        124.41935606174226      -0.96083887430511128       -1.1105098216589073       -1.0557222701096596       -1.0573549441044821       -1.0741267300842778      -0.69526603297678713      -0.56487043860721575        4.2202440067143376        9.4112668127520928E-003  0.12167703081975099        2.6165165390062393E-002   6.7043069739804702E-003   5.3630561094432146E-003   8.0828554652073205E-003  0.26798810985245680       0.55460820857634674     
 SOL           3           1   765.38087610693481        124.61803175675385      -0.94714250831368052       -1.1008078072827250       -1.0491480090548995       -1.0541208435341256       -1.0730644091502495      -0.68651959309348332      -0.57295219286149657        4.2212712925606812        9.5410537432202291E-003  0.12286328836077724        2.6337748700144551E-002   6.7260244763529247E-003   5.3687564234640231E-003   8.1538617480455579E-003  0.26583102406496073       0.55517824248303482     
 SOL           3           1   753.17436265681113        124.69588916018728      -0.92659795932653444       -1.0866747949063635       -1.0400390651226430       -1.0503593241233855       -1.0727903613942367      -0.67371619105017577      -0.58680848180006806        4.2236790337503507        9.7390977862129822E-003  0.12461204522875144        2.6578753760743940E-002   6.7513721910511457E-003   5.3702279207355069E-003   8.2589300990896005E-003  0.26217299447147036       0.55651657854194470     
 SOL           3           1   743.73533064754258        124.57079952355886      -0.91118954758617476       -1.0764164530353915       -1.0338257514412434       -1.0484335902267412       -1.0736691031288694      -0.66436967984530315      -0.59859269084732603        4.2261623849744963        9.8903239000100764E-003  0.12589693735349394        2.6744409999273487E-002   6.7643860639346074E-003   5.3655109501400599E-003   8.3364841471154152E-003  0.25910162546798898       0.55790032211804330     
 SOL           3           1   729.17117792275872        124.07595378238078      -0.88807692997563537       -1.0615902075110979       -1.0255373412432500       -1.0470384151687793       -1.0767956997462576      -0.65076881145516685      -0.61851897947355672        4.2309379376726399        1.0121577315834462E-002  0.12777742207470733        2.6966999823451694E-002   6.7738301532004087E-003   5.3487613600035058E-003   8.4506421349464719E-003  0.25398979078175560       0.56057097635610054     
 SOL           3           1   717.97646040143763        123.46096526933199      -0.87074246676773071       -1.0509146614628209       -1.0201501637588912       -1.0471922048383402       -1.0805940356641632      -0.64089804865209010      -0.63521118035837187        4.2352952315663437        1.0298558934449085E-002  0.12914882303047762        2.7112667855197618E-002   6.7727884882001974E-003   5.3284835030493515E-003   8.5344694581856884E-003  0.24978533064142852       0.56301887808901174     
 SOL           3           7   709.70624014631426        122.88467745976303      -0.85811927606749494       -1.0433776048693473       -1.0166770353641310       -1.0479553055160438       -1.0841485322463078      -0.63388517769972597      -0.64828025268156664        4.2388500670329607        1.0429383582876378E-002  0.13012590254501080        2.7206997346178277E-002   6.7676221401874502E-003   5.3095770480206831E-003   8.5945309467234023E-003  0.24654210721270250       0.56502387917830044     
 SOL           3           7   697.95927877883082        121.90221288704730      -0.84038439224008665       -1.0331177802802598       -1.0124331734824905       -1.0499472952370332       -1.0902564040865124      -0.62427453205595695      -0.66788386116635889        4.2443296413246010        1.0615997384943251E-002  0.13146784374881157        2.7322705436043593E-002   6.7541545245779037E-003   5.2772456703543500E-003   8.6775281275420658E-003  0.24175605746347137       0.56812846764425551     
 SOL           3           7   689.58280710538452        121.09485647610705      -0.82783348913561006       -1.0260817495590608       -1.0098711093331214       -1.0519955068368931       -1.0953521758254685      -0.61763739673715878      -0.68258656752995317        4.2485081166799139        1.0750077391990711E-002  0.13239611738762949        2.7392797712217538E-002   6.7403347446815245E-003   5.2504224316018023E-003   8.7353136088584651E-003  0.23822759169900642       0.57050734502401368     
 SOL           3           7   677.59658093900589        119.80531881242507      -0.80994312378380717       -1.0163583927393973       -1.0068325013232984       -1.0558024525343639       -1.1036905462437991      -0.60839850004470031      -0.70464062707534447        4.2548219352126617        1.0944130872136608E-002  0.13368973102009635        2.7476160275692392E-002   6.7147234376849323E-003   5.2068244850361056E-003   8.8163922306526924E-003  0.23303121739712990       0.57412082028157085     
 SOL           3           7   668.99663966162370        118.79819270395004      -0.79711427509090738       -1.0095948184064591       -1.0050812673165297       -1.0591509539939470       -1.1104191119086502      -0.60192357380031647      -0.72118117173438789        4.2595590082402301        1.1085435923747958E-002  0.13459701624019985        2.7524319618774284E-002   6.6922767787617526E-003   5.1719076265051168E-003   8.8736629317828202E-003  0.22920845656717781       0.57684692431305007     
 SOL           3           7   656.62769227611329        117.25983892151706      -0.77860494708658401       -1.0001200717489054       -1.0031514401301451       -1.0648452445156749       -1.1211725461346911      -0.59278297658569168      -0.74599198872295314        4.2666193018162764        1.1292530572284349E-002  0.13587834943814181        2.7577488085536658E-002   6.6542773032358480E-003   5.1165898192824886E-003   8.9551453420829031E-003  0.22359157533729523       0.58093404410214056     
 SOL           3           7   647.71457378018442        116.10898992225856      -0.76518056617017483      -0.99344060922870758       -1.0021679505195222       -1.0695769310889354       -1.1297007949079845      -0.58628811236592582      -0.76460010146437696        4.2718527717276276        1.1445147908852281E-002  0.13678898166175502        2.7604623600116954E-002   6.6228657221493736E-003   5.0731398080319963E-003   9.0134970833441550E-003  0.21946942971508795       0.58398231450066218     
 SOL           3           7   634.84818480369154        114.43174723127213      -0.74560209204422212      -0.98395769310255654       -1.0013140453448655       -1.0773168988692854       -1.1431554859228903      -0.57699298641239860      -0.79251227057651286        4.2795674507399619        1.1671434384775442E-002  0.13809231001167058        2.7628205397930240E-002   6.5718028223648419E-003   5.0053394188977508E-003   9.0976692634893250E-003  0.21342826509427695       0.58850497360659504     
 SOL           3           7   625.54731234965971        113.24441841242928      -0.73125468392566095      -0.97718125511027298       -1.0010916131778067       -1.0835718815928626       -1.1537219593976180      -0.57029677235086484      -0.81344639741061464        4.2852271378677331        1.1840096254343723E-002  0.13903126176879441        2.7634351483047024E-002   6.5308246018841026E-003   4.9527290750931941E-003   9.1587936268518640E-003  0.20900677223979675       0.59184517095018896     
 SOL           3           7   612.08483136733878        111.63801185756748      -0.71011857205516626      -0.96742577699230059       -1.0013237438884863       -1.0935956387623313       -1.1702692509549681      -0.56057802786647559      -0.84484758766176737        4.2934866591904486        1.2093013279088882E-002  0.14039421552419379        2.7627937445874398E-002   6.4656882030653187E-003   4.8714491589336674E-003   9.2482395488845837E-003  0.20254568463744738       0.59675377220251180     
 SOL           3           7   602.33003156068617        110.61741902993306      -0.69447681379808612      -0.96035392952768628       -1.0018815427347680       -1.1015715993387851       -1.1831918512372186      -0.55347567120419849      -0.86839848035013201        4.2994858356395840        1.2283656379089522E-002  0.14139058092091283        2.7612530911514957E-002   6.4143232436061123E-003   4.8089023726236597E-003   9.3141576545126750E-003  0.19783128501320235       0.60034456350453780     
 SOL           3           7   588.18131353603405        109.47688360989021      -0.67120780598912300      -0.95001968559106786       -1.0032414865456916       -1.1142030037122226       -1.2033459425765660      -0.54301354701155435      -0.90372481938267890        4.3081511241004486        1.2572836292284353E-002  0.14285932176622346        2.7575004943385484E-002   6.3338108954394193E-003   4.7129534444434931E-003   9.4121150563952621E-003  0.19096463093133167       0.60556932667049690     
 SOL           3           7   577.91029261870290        109.00479264558672      -0.65381955683046467      -0.94241103994393094       -1.0046180900127917       -1.1241629220565534       -1.2190393467050586      -0.53525054679965778      -0.93021957365708918        4.3143774250911955        1.2793367673198806E-002  0.14395043339998972        2.7537071211818798E-002   6.2710397726480531E-003   4.6395684973325373E-003   9.4854656495401545E-003  0.18597150782719110       0.60935154596828045     
 SOL           3           7   570.38025578581528        108.91083613148123      -0.64077269013849336      -0.93675054584194628       -1.0058264183808194       -1.1318897039496623       -1.2311229721919890      -0.52944399192896463      -0.95009063936289673        4.3188898055197482        1.2961374634805893E-002  0.14476757450859448        2.7503817482259572E-002   6.2227715352999140E-003   4.5838430499641845E-003   9.5407037426165787E-003  0.18231253006713483       0.61210738497932415     
 SOL           3           7   559.34025128758071        109.26192223608530      -0.62113869364153751      -0.92828939027138235       -1.0078905943282208       -1.1438729878745424       -1.2497402038430419      -0.52071798453437235      -0.97989723792160821        4.3254010810586747        1.3218372914761276E-002  0.14599767216322926        2.7447103317895370E-002   6.1486473100235270E-003   4.4992940581857002E-003   9.6243202827293248E-003  0.17695860125283297       0.61610598870034239     
 SOL           3           7   551.24582069436565        109.97372375485712      -0.60632594546968521      -0.92193692341211542       -1.0096169220757596       -1.1531581896198673       -1.2640840398245543      -0.51413253814238158       -1.0022521868406420        4.3300792687988343        1.3415630702149531E-002  0.14692806956775889        2.7399761497354701E-002   6.0918201135600081E-003   4.4352175721034609E-003   9.6879098811431148E-003  0.17304659008156237       0.61899500058436807     
 SOL           3           7   539.37662140167208        111.89371409601245      -0.58390072143322569      -0.91234496626466610       -1.0124593412555547       -1.1675465138441787       -1.2862043890522488      -0.50413837341532020       -1.0357846102191923        4.3367623105037980        1.3719877881668350E-002  0.14834417808342840        2.7321990471042806E-002   6.0047965932860242E-003   4.3381861514665554E-003   9.7852178945611913E-003  0.16734012898991213       0.62314562393463435     
 SOL           3           7   530.67224079101709        114.11689689787605      -0.56687312828463776      -0.90506445695241355       -1.0147683283953319       -1.1786900175015735       -1.3032682146343229      -0.49651599781865680       -1.0609339277531051        4.3415083680730548        1.3955494680938161E-002  0.14942814036410135        2.7258977122913176E-002   5.9382535702919423E-003   4.2647881063147316E-003   9.8600894878447410E-003  0.16318411841458089       0.62611013825301487     
 SOL           3           7   517.90390987497335        118.96072994230734      -0.54091016137449999      -0.89393698197783744       -1.0184786197098303       -1.1959564364904334       -1.3296256568450207      -0.48481281060395204       -1.0986579040539743        4.3481934897740340        1.4322565228583523E-002  0.15110018381456253        2.7158025772122129E-002   5.8366013068180018E-003   4.1538476758426800E-003   9.9761618445211690E-003  0.15714283170560486       0.63030978265194471     
 SOL           3          10   509.46395205152868        123.43862434147640      -0.52304501104784318      -0.88624397294983692       -1.0211290614204986       -1.2079792545131720       -1.3479383165277317      -0.47668911799905683       -1.1241231646616061        4.3524074888706394        1.4580739302162356E-002  0.15226708161546149        2.7086140314026546E-002   5.7668490609255416E-003   4.0784719484509395E-003   1.0057535195251689E-002  0.15319167073379125       0.63297151182992983     
 SOL           3          10   499.34919911281315        130.47348184498409      -0.50082522874275670      -0.87661555804630120       -1.0244965042583638       -1.2230365942327348       -1.3708458514581958      -0.46648994298430485       -1.1551785055185417        4.3572145080769999        1.4908346355304348E-002  0.15374025302517005        2.6995082686545362E-002   5.6806661266650786E-003   3.9861061848887065E-003   1.0160638648245148E-002  0.14850736402291556       0.63602154295026603     
 SOL           3          10   487.32673889079592        141.78458648149731      -0.47315629062311254      -0.86450640354636454       -1.0287431388908399       -1.2418662683303818       -1.3994762644564942      -0.45362182810833152       -1.1928223408216645        4.3625405360666178        1.5326604159256751E-002  0.15561323472784488        2.6880687502692836E-002   5.5747018025314142E-003   3.8736005450004944E-003   1.0292231775470308E-002  0.14302089108456270       0.63941804840264072     
 SOL           3          10   479.78600949883690        150.90689989561088      -0.45503885266701494      -0.85649183838254817       -1.0315249489980736       -1.2541992285107795       -1.4182327497220224      -0.44508482310125991       -1.2168196940168745        4.3656410743107097        1.5606813633413524E-002  0.15686541828865105        2.6806014445795241E-002   5.5063714510311538E-003   3.8016225507251041E-003   1.0380472730489428E-002  0.13962962173456347       0.64140366516533098     
 SOL           3          10   469.96664980596529        165.70255776376095      -0.43048180878941084      -0.84550490181350613       -1.0352604697096226       -1.2708676329508684       -1.4436046566518073      -0.43336190901276239       -1.2484892907220229        4.3693689813303092        1.5994815430719962E-002  0.15859839128884931        2.6706066818078956E-002   5.4153497255684559E-003   3.7063814702040128E-003   1.0502878193055924E-002  0.13527689625236392       0.64379922082115970     
 SOL           3          10   457.42709023502226        190.65991028950864      -0.39737692321303264      -0.83044209566152460       -1.0401680927032091       -1.2931578521426457       -1.4776029615686639      -0.41726436388668198       -1.2895726809035093        4.3735590150083876        1.6533184115093580E-002  0.16100541083710429        2.6575324589685308E-002   5.2959757715623692E-003   3.5824887870268738E-003   1.0673316890555113E-002  0.12983187847660330       0.64650242053236928     
 SOL           3          10   449.18022290277236        211.81514698597775      -0.37442656736509905      -0.81981386053100591       -1.0434421049031661       -1.3084292258031560       -1.5009618028850553      -0.40589572550924163       -1.3169454549512409        4.3759217320640182        1.6917014245474430E-002  0.16272574003848073        2.6488458929969559E-002   5.2157133651170732E-003   3.4997758005895110E-003   1.0795350333253920E-002  0.12632621850934764       0.64803172877776682     
 SOL           3          10   438.09170147547218        248.02956815830788      -0.34192717355428009      -0.80448196540665706       -1.0478404421989305       -1.3297165688064370       -1.5336431264947588      -0.38949151644059932       -1.3541328453813124        4.3785394832874260        1.7475838492707056E-002  0.16523985786555692        2.6372209592456102E-002   5.1058580974756417E-003   3.3872473007526983E-003   1.0973899996159985E-002  0.12171475172952477       0.64973033692536697     
 SOL           3          10   430.53736603077647        279.19863447753130      -0.31860138124004317      -0.79326263290797172       -1.0507912211877308       -1.3447018312306953       -1.5567537013285508      -0.37749066129556436       -1.3796800973771497        4.3799112430660987        1.7888267691014228E-002  0.16710417742786357        2.6294505730345519E-002   5.0299159019625761E-003   3.3098637024238839E-003   1.1106389584470926E-002  0.11864465750688317       0.65062222245503609     
 SOL           3          10   420.14295338164919        333.44794020520430      -0.28475974749923327      -0.77664858593843689       -1.0547131068992872       -1.3659308268302077       -1.5896771435820427      -0.35973405719233703       -1.4150482727500329        4.3811777065696100        1.8503995753516526E-002  0.16990364492908136        2.6191583640288403E-002   4.9242612781062308E-003   3.2026659385809863E-003   1.1305362662485103E-002  0.11452175204706495       0.65144673375087625     
 SOL           3          10   406.19916387637613        435.21129967764386      -0.23576033428081106      -0.75185091382552871       -1.0595176490140084       -1.3954212048271060       -1.6358664403046488      -0.33328608158530637       -1.4627331501768412        4.3815580957082165        1.9433261507266920E-002  0.17416953325914830        2.6066046888429870E-002   4.7811633286332844E-003   3.0581014188534538E-003   1.1608355733436564E-002  0.10918895371464443       0.65169458414958692     
 SOL           3          10   397.46800265853301        523.58567529772074      -0.20266587882563633      -0.73458368919872707       -1.0620961468007613       -1.4143872381558524       -1.6659299730941439      -0.31492337633514800       -1.4926232193946480        4.3808832084616824        2.0087155161832706E-002  0.17720307274471175        2.5998922221811514E-002   4.6913381320009169E-003   2.9675323214691665E-003   1.1823485687255346E-002  0.10597358156361451       0.65125491216730402     
 SOL           3          10   385.61511761146420        690.90629004955372      -0.15426035994884341      -0.70854516598881745       -1.0647767707071190       -1.4405688827782828       -1.7080430049128652      -0.28733778415910266       -1.5330789308618791        4.3785976746108926        2.1083401728830799E-002  0.18187777613400874        2.5929322216760219E-002   4.5701051488044875E-003   2.8451554546574994E-003   1.2154183822935342E-002  0.10177190880034458       0.64976814669365857     
 SOL           3          10   378.21699107038995        836.95943905754461      -0.12171243947765195      -0.69049974704738237       -1.0657828375697860       -1.4570347167873279       -1.7349997843080598      -0.26830553079278940       -1.5581758130187731        4.3762183878466576        2.1780912295224476E-002  0.18518962881365528        2.5903248702954872E-002   4.4954707014871077E-003   2.7694837418507953E-003   1.2387720645506759E-002   9.9249535444154352E-002  0.64822399965516631     
 SOL           3          10   368.26628804165216        1115.9180676160051       -7.4609892574039424E-002 -0.66360090714068354       -1.0660009490262925       -1.4790929453766797       -1.7718932632552284      -0.24008206232360332       -1.5916379562346110        4.3716045922034112        2.2831394723250617E-002  0.19023861651925125        2.5897599523749770E-002   4.3973942541693537E-003   2.6691696968824648E-003   1.2742325641521893E-002   9.5983384242187303E-002  0.64524011539898762     
 SOL           3          10   356.66502105243416        1660.3592685701794       -1.3911584563752783E-002 -0.62754054203724519       -1.0639303874397004       -1.5041528349226159       -1.8154061641476065      -0.20255054326829058       -1.6300930324234142        4.3636511030810494        2.4260144465301232E-002  0.19722387912356115        2.5951277651265512E-002   4.2885653552647875E-003   2.5555169915260499E-003   1.3229652331323557E-002   9.2362404624084696E-002  0.64012855945767322     
 SOL           3          10   347.15790710510277        2497.9881458369891        4.1648027461172486E-002 -0.59312540413122850       -1.0594949218896674       -1.5234547702081800       -1.8508759896756943      -0.16708930032315045       -1.6611125403692022        4.3544033075416229        2.5646175838877166E-002  0.20412951373197682        2.6066639301450478E-002   4.2065815130592765E-003   2.4664619692974176E-003   1.3707209590760478E-002   8.9541348368806492E-002  0.63423606968577162     
 SOL           3          10   339.67854956563838        3800.1347355323196        9.0067935462120940E-002 -0.56201790377000926       -1.0534764917968491       -1.5371934425307840       -1.8780884590171116      -0.13536171921105403       -1.6852760531107556        4.3448025561252726        2.6918516038858760E-002  0.21057927046086089        2.6223992582738574E-002   4.1491838546831262E-003   2.4002484512189162E-003   1.4149078849957480E-002   8.7403646066636517E-002  0.62817606369504531     
  
  
 #critical
 NaN NaN
