 #2ndliquid
STAT  iter  ns  T  P  lnK1  lnK2  lnK3  lnK4  lnK5  lnK6  lnK7  lnK8  y1  y2  y3  y4  y5  y6  y7  y8
 SOL           8          10   375.57746512127494        900.00000000000011      -0.10961171843735980      -0.68367858274463034       -1.0659826382282094       -1.4629071965291385       -1.7447238706020678      -0.26113127596835312       -1.5670888672010181        4.3751643358168053        2.2046078152323016E-002  0.18645715578918742        2.5898073733807054E-002   4.4691485047917501E-003   2.7426835577867782E-003   1.2476912871430632E-002   9.8368849587873911E-002  0.64754109780279934     
 SOL           3          10   377.61436639126970        850.77250187374443      -0.11897340664263971      -0.68896111674758165       -1.0658365259945337       -1.4583760755757260       -1.7372153376129429      -0.26668627034747094       -1.5602128465054401        4.3759877949117643        2.1840652707303541E-002  0.18547478650763446        2.5901858035667868E-002   4.4894447047690291E-003   2.7633545952264137E-003   1.2407795840653962E-002   9.9047566595411765E-002  0.64807454101333317     
 SOL           3          10   384.04395861640086        718.66459447392867      -0.14750891976237016      -0.70483790683673542       -1.0650402117862701       -1.4440627069506282       -1.7137282504431086      -0.28342175594173941       -1.5384213634171957        4.3781591524268917        2.1226226648963707E-002  0.18255329557327185        2.5922492267817839E-002   4.5541658657057005E-003   2.8290259408939194E-003   1.2201873265401942E-002  0.10122964902443857       0.64948327141350637     
 SOL           3          10   394.62431585770827        557.95022517080156      -0.19143834235493015      -0.72862788825748270       -1.0628376024134290       -1.4206311000701402       -1.6759021635180187      -0.30860188935160854       -1.5023479254001832        4.3804887681580196        2.0313955249649591E-002  0.17826160805596752        2.5979652319778165E-002   4.6621373222913206E-003   2.9380865873223361E-003   1.1898464437036233E-002  0.10494801439048185       0.65099808163747275     
 SOL           3          10   403.29561446544045        462.04348033625922      -0.22497639492429655      -0.74627113634986186       -1.0604203813369204       -1.4016906715792516       -1.6457691592048271      -0.32734688887813074       -1.4726754905689818        4.3814189970389341        1.9643962673233931E-002  0.17514407683748359        2.6042526843122967E-002   4.7512817527586319E-003   3.0279673509907949E-003   1.1677505137705048E-002  0.10810873880020738       0.65160394060449756     
 SOL           3          10   417.75521120918938        348.18810506603364      -0.27667706437789003      -0.77261961143320457       -1.0555805667387799       -1.3709023616513671       -1.5974233953960182      -0.35543181205786206       -1.4231997945265964        4.3813569009018076        1.8654163750301579E-002  0.17058956322866262        2.6168873344906432E-002   4.8998408953833160E-003   3.1779531211711012E-003   1.1354105881447961E-002  0.11359202000503343       0.65156347977309326     
 SOL           3          10   428.14311779857900        290.41169229406898      -0.31099237730995805      -0.78956241013291883       -1.0517118888781787       -1.3495304112066693       -1.5642219172285030      -0.37353412383233486       -1.3878070761601156        4.3802696648371917        1.8024898744078074E-002  0.16772364548910820        2.6270308369056861E-002   5.0056870932028465E-003   3.2852369989253005E-003   1.1150419476464021E-002  0.11768434240837894       0.65085546142078554     
 SOL           3          10   436.66562174895745        253.46279687007072      -0.33760067338714339      -0.80241489168954117       -1.0484017274708768       -1.3325159563339661       -1.5379532115298316      -0.38728007840932327       -1.3589436122385345        4.3788253922343774        1.7551611508652636E-002  0.16558177409405067        2.6357411413011764E-002   5.0915848095534630E-003   3.3726793938624977E-003   1.0998194949453633E-002  0.12113061663133064       0.64991612720008496     
 SOL           3          10   451.03912469918509        206.66380005836828      -0.37968660998639614      -0.82226387083707853       -1.0427027860392406       -1.3049448411603797       -1.4956264858386377      -0.40851684604985533       -1.3107527993077464        4.3754184834418819        1.6828263650104851E-002  0.16232754828445423        2.6508049588312096E-002   5.2339186152956189E-003   3.5184981144052449E-003   1.0767091469874776E-002  0.12711094052816735       0.64770568974938569     
 SOL           3          10   463.64219389878656        177.32789213746872      -0.41404250172760587      -0.83806293839391677       -1.0377206121415270       -1.2819691865500478       -1.4605252238073785      -0.42541160562570590       -1.2691246426122926        4.3715673078418487        1.6259932311241312E-002  0.15978307744313866        2.6640446840252425E-002   5.3555634048801995E-003   3.6441949925564788E-003   1.0586712071937834E-002  0.13251401445428640       0.64521605848170660     
 SOL           3          10   474.71676728115517        158.09259653777579      -0.44250300573449941      -0.85090192042241186       -1.0334390360333676       -1.2627180975947636       -1.4311956660007978      -0.43912294413036390       -1.2331113943461971        4.3676114259274783        1.5803689686049029E-002  0.15774473848184870        2.6754754474749863E-002   5.4596626291569970E-003   3.7526604671904223E-003   1.0442544701501548E-002  0.13737324777130402       0.64266870178819901     
 SOL           3          10   484.45952718141075        145.04821644840337      -0.46633998125829662      -0.86149962915514089       -1.0297909967378294       -1.2465079346447610       -1.4065344908671946      -0.45042070310077909       -1.2019127166774277        4.3637424848525290        1.5431431897991073E-002  0.15608183274818624        2.6852535115786391E-002   5.5488858578128858E-003   3.8463560573171927E-003   1.0325231285589452E-002  0.14172666882508617       0.64018705821223032     
 SOL           3          10   493.02390649333421        135.97624326567185      -0.48644689205552960      -0.87034129119002068       -1.0266998768243536       -1.2328162297536704       -1.3857161680652990      -0.45982751109017816       -1.1748871988627734        4.3600724318172048        1.5124252041353535E-002  0.15470789284003711        2.6935667942383328E-002   5.6253820520990802E-003   3.9272700639436326E-003   1.0228559218087309E-002  0.14560913192325098       0.63784184391884480     
 SOL           4          10   509.49335360911215        123.42098453284474      -0.52310828078486682      -0.88627128646822795       -1.0211195690126731       -1.2079365208758053       -1.3478732681334913      -0.47671800289207283       -1.1240337377272178        4.3523931167960308        1.4579816811804270E-002  0.15226292272252470        2.7086397427937142E-002   5.7670955046277405E-003   4.0787372551309336E-003   1.0057244688619215E-002  0.15320537080784746       0.63296241478150861     
 SOL           4          10   522.74639429230183        116.87519905034976      -0.55090172012962491      -0.89822508006392332       -1.0170277110567278       -1.1892781515485167       -1.3194408548858541      -0.48932983459763002       -1.0842358335933029        4.3456996842428230        1.4180173021228374E-002  0.15045363862085478        2.7197458186213941E-002   5.8757102383785722E-003   4.1963699647656538E-003   9.9312009033763263E-003  0.15942557809475849       0.62873987097042372     
 SOL           4          10   533.36029934240310        113.34696004303321      -0.57218699766554371      -0.90733721786951749       -1.0140356409202678       -1.1751948557796419       -1.2979214516365314      -0.49889863888661640       -1.0531176776379227        4.3400579458990993        1.3881533688621533E-002  0.14908891156576590        2.7278956752552583E-002   5.9590450404753319E-003   4.2876519869613902E-003   9.8366243992400321E-003  0.16446460407790722       0.62520267248847605     
 SOL           3           7   547.96003149024398        110.39217616013346      -0.60020476581645876      -0.91931676011803420       -1.0103674267605023       -1.1570489003853333       -1.2700770672931387      -0.51140830405639637       -1.0114461581968095        4.3319517245159265        1.3498002035507242E-002  0.14731354989267445        2.7379205562617619E-002   6.0681646515838130E-003   4.4087166809669131E-003   9.7143379973061387E-003  0.17146289606346105       0.62015512711588294     
 SOL           3           7   559.23233079970532        109.26866868831668      -0.62094360609066146      -0.92820558554661237       -1.0079124449573906       -1.1439939951184708       -1.2499275520445292      -0.52063129083165749      -0.98019251861597456        4.3254640262228827        1.3220951906316177E-002  0.14600990797066404        2.7446503587971249E-002   6.1479033241733996E-003   4.4984512024921503E-003   9.6251546868590179E-003  0.17690635650799283       0.61614477081353103     
 SOL           3           7   567.88709103749306        108.93524161610205      -0.63639308360634594      -0.93485795053429366       -1.0062625823627767       -1.1345276183666020       -1.2352330024614571      -0.52749687575407789      -0.95675228893034836        4.3203719805472813        1.3018264843252357E-002  0.14504182037717123        2.7491823923476804E-002   6.2063780283940391E-003   4.5650419792294290E-003   9.5592986985885402E-003  0.18110206420621977       0.61301530794366776     
 SOL           3           7   581.22493228181702        109.11772255397526      -0.65948047727924275      -0.94487914672140849       -1.0041390757265043       -1.1208757814831705       -1.2138759877673830      -0.53777411684034726      -0.92159194440190906        4.3123760487013714        1.2721150038528504E-002  0.14359558643991860        2.7550265022091302E-002   6.2916874792871029E-003   4.6635862074694721E-003   9.4615585908609957E-003  0.18758294248342741       0.60813322373841638     
 SOL           3           7   591.53741828608634        109.70253685730221      -0.67679516091573266      -0.95248351537705189       -1.0028616074990353       -1.1110928746768329       -1.1984129264667276      -0.54551660806110402      -0.89522168600557950        4.3061028477585088        1.2502783281249303E-002  0.14250777396885550        2.7585482099875037E-002   6.3535405295603951E-003   4.7362599581506773E-003   9.3885854181492683E-003  0.19259535195209188       0.60433022279206794     
 SOL           3           7   599.46379978000630        110.34937784669926      -0.68982167880094891      -0.95827013289527074       -1.0021053105345825       -1.1040287996037110       -1.1871390578712795      -0.55137392788008055      -0.87544399220833247        4.3012465062372280        1.2340971759706387E-002  0.14168551732431026        2.7606352807481731E-002   6.3985813152884138E-003   4.7899580544418195E-003   9.3337542094333731E-003  0.19644236093467440       0.60140250359466330     
 SOL           3           7   611.69438747181175        111.59439111357457      -0.70949814465839733      -0.96714306027501151       -1.0013399104532985       -1.0939033923820489       -1.1707713742866785      -0.56029500358315876      -0.84577745151246175        4.2937267856723595        1.2100518443800874E-002  0.14043391292722848        2.7627490800643424E-002   6.4636986702755212E-003   4.8690037046629289E-003   9.2508573956944836E-003  0.20235743226529104       0.59689708579240330     
 SOL           3           7   621.16451881430135        112.70273865094073      -0.72442559758631464      -0.97400155509272379       -1.0010967672009272       -1.0867096101218543       -1.1589459637467796      -0.56713920843462551      -0.82352754599055877        4.2879100001094903        1.1921230013337983E-002  0.13947404305705421        2.7634209055327600E-002   6.5103647627096388E-003   4.9269234598744750E-003   9.1877588087651701E-003  0.20691032894781089       0.59343514189512003     
 SOL           3           7   635.91442099446397        114.57001897590321      -0.74723546857924916      -0.98473797416411302       -1.0013602990744497       -1.0766350572050456       -1.1419892249020969      -0.57776113690649211      -0.79015268770770430        4.2789223900046593        1.1652386098468125E-002  0.13798460122445005        2.7626927519942408E-002   6.5762852793275961E-003   5.0111803565247390E-003   9.0906835677257974E-003  0.21393246138484623       0.58812547456871467     
 SOL           3           7   647.46888499421584        116.07698911992306      -0.76480913147401752      -0.99325794202093598       -1.0021454844440034       -1.0697147119015979       -1.1299450738961214      -0.58610989009239078      -0.76512154399556354        4.2719984755116895        1.1449399823493708E-002  0.13681397080536814        2.7605243774641845E-002   6.6219532811878931E-003   5.0719006979234567E-003   9.0151036324440138E-003  0.21935501885207662       0.58406740913286459     
 SOL           3           7   656.45431322593060        117.23770546982873      -0.77834465059159730      -0.99998908039299816       -1.0031291317880926       -1.0649323085557427       -1.1213322340230545      -0.59265601549289737      -0.74634818621145793        4.2667200531087506        1.1295470361003597E-002  0.13589614949317438        2.7578103300436009E-002   6.6536979801895641E-003   5.1157728270922404E-003   8.9562823692992469E-003  0.22351194676230038       0.58099257690650441     
 SOL           3           7   670.53036195379582        118.98212843113312      -0.79940342387582042       -1.0107894592047382       -1.0053683143784551       -1.0585166646966666       -1.1091739185561220      -0.60307020964614932      -0.71818814953529952        4.2587029054146051        1.1060088734385442E-002  0.13443631716122270        2.7516419977534866E-002   6.6965229648097806E-003   5.1783516627044229E-003   8.8634939029820347E-003  0.22989551023644827       0.57635329535991231     
 SOL           3           7   681.64067561765853        120.25656252194557      -0.81597459185662291       -1.0195975172304259       -1.0077779012894927       -1.0544046958035271       -1.1007409494258296      -0.61148514032841750      -0.69706812202818058        4.2526513638465140        1.0878320362697634E-002  0.13325739391301017        2.7450196589664369E-002   6.7241155499806202E-003   5.2222051902573183E-003   8.7892211544779979E-003  0.23480254569886180       0.57287600154105001     
 SOL           3           7   690.34286857909694        121.17150401281577      -0.82897005352058506       -1.0267114512785531       -1.0100883019592513       -1.0517885901777422       -1.0948647574248418      -0.61823300785379465      -0.68122810139784140        4.2481205032842997        1.0737866177621439E-002  0.13231277356848348        2.7386848844593855E-002   6.7417295765304485E-003   5.2529822078963831E-003   8.7301123080957711E-003  0.23855143572983545       0.57028625158694313     
 SOL           3           7   704.11077278400262        122.43967860145275      -0.84964753143901495       -1.0384292984878729       -1.0145577378824515       -1.0487736572310262       -1.0869048806848931      -0.62925960664026692      -0.65746807045233269        4.2414009754716027        1.0518113977159098E-002  0.13077140112421365        2.7264718209374036E-002   6.7620861105213174E-003   5.2949621547369648E-003   8.6343776461637305E-003  0.24428729751094674       0.56646704326688480     
 SOL           3           7   715.12469596691801        123.27355898070783      -0.86637433633758520       -1.0482841319950111       -1.0189054801461894       -1.0473942688358053       -1.0817489517391985      -0.63845479517355463      -0.63964804724320112        4.2364906084285101        1.0343642777485233E-002  0.12948900004185879        2.7146435559268038E-002   6.7714200897409735E-003   5.3223331040770728E-003   8.5553468243399974E-003  0.24867952135794483       0.56369230024528516     
 SOL           3           7   723.86658818098135        123.80899452526563      -0.87982303150055385       -1.0564596683429108       -1.0228830293573814       -1.0469825690657133       -1.0784479899499066      -0.64603374835912530      -0.62628302983635253        4.2329336991974413        1.0205465513487780E-002  0.12843467372944606        2.7038673731982189E-002   6.7742084557805603E-003   5.3399309512146475E-003   8.4907513435341173E-003  0.25202543679380968       0.56169085948074482     
 SOL           3           1   737.17145159903112        124.39200967639407      -0.90068337473350135       -1.0695930249274732       -1.0299027888065957       -1.0475745085519261       -1.0748180130962663      -0.65812469231269521      -0.60731668757516111        4.2281806483456181        9.9947811144200406E-003  0.12675892356054516        2.6849533383122254E-002   6.7701997208890361E-003   5.3593500009949087E-003   8.3887082865018465E-003  0.25685105499382799       0.55902744893969869     
 SOL           3           1   746.90912856248428        124.63047884583361      -0.91632863215821203       -1.0798048444255501       -1.0358378066344616       -1.0489886547890062       -1.0732704078616655      -0.66746227095862265      -0.59452885934543742        4.2252704085133130        9.8396270682720322E-003  0.12547107116303893        2.6690652869536636E-002   6.7606324347946707E-003   5.3676505804639112E-003   8.3107426348280281E-003  0.26015671321312422       0.55740291003594122     
 SOL           3           1   761.06820093484703        124.67705109749683      -0.93979651829527810       -1.0956955659500680       -1.0457852008957667       -1.0526226875188940       -1.0727809407203470      -0.68189737006471507      -0.57766523914980616        4.2220126968901539        9.6114002949708264E-003  0.12349300339795491        2.6426466583372034E-002   6.7361086623365738E-003   5.3702785121397629E-003   8.1916379533566418E-003  0.26458109793721868       0.55559000665865044     
 SOL           3           1   771.30111723411051        124.47985301315843      -0.95739743289807755       -1.1080514646084982       -1.0540337724598199       -1.0564893112764231       -1.0737956148453285      -0.69305281923199380      -0.56681563606273044        4.2204587971350698        9.4437109312995957E-003  0.12197652438656743        2.6209382530094347E-002   6.7101129547477625E-003   5.3648321930763439E-003   8.1007643628189848E-003  0.26746732674026724       0.55472734590112838     
 SOL           3           1   778.74540981628354        124.21062630630875      -0.97059811885017722       -1.1175547000501995       -1.0606407002487461       -1.0599982520235989       -1.0752940057795968      -0.70159784426052685      -0.55966112937475454        4.2197918013366857        9.3198666819942991E-003  0.12082284329104041        2.6036789813958915E-002   6.6866088273943277E-003   5.3567995966420879E-003   8.0318380365814145E-003  0.26938778529316226       0.55435746845922607     
 SOL           3           1   789.52987446517557        123.62794460873710      -0.99039914777832672       -1.1321710813498600       -1.0711883778149616       -1.0661846739832597       -1.0786591763971192      -0.71468961397443176      -0.55044809067484091        4.2195742533354776        9.1371388025325052E-003  0.11906969410387090        2.5763605413350897E-002   6.6453703345901935E-003   5.3388033492400193E-003   7.9273723748852290E-003  0.27188113340439835       0.55423688221713163     
 SOL           3           1   797.31331064973403        123.06286453629147       -1.0052499194744389       -1.1434030337015206       -1.0795706622986545       -1.0715074739952011       -1.0820099578192799      -0.72471395421176121      -0.54468080715445588        4.2200059425633745        9.0024478479752337E-003  0.11773979165495725        2.5548550129928738E-002   6.6100923294688399E-003   5.3209441240506909E-003   7.8483026699483777E-003  0.27345367928478076       0.55447619195889020     
 SOL           3           1   808.49855751427299        122.03411983127590       -1.0275260770186070       -1.1606539864783636       -1.0928426919225507       -1.0805036387162024       -1.0882612126649003      -0.74005951565041705      -0.53775266716922465        4.2215551056314045        8.8041250375452823E-003  0.11572608716851027        2.5211709241321170E-002   6.5508935303767325E-003   5.2877852964350160E-003   7.7287854340603286E-003  0.27535478260503843       0.55533583168671274     
 SOL           3           1   816.50685374917066        121.13783275889618       -1.0442331951767330       -1.1738865667024596       -1.1033031929047847       -1.0879844615503507       -1.0938377599311240      -0.75179589765145793      -0.53382421625591170        4.2233794541424059        8.6582554038734921E-003  0.11420481978032185        2.4949356693837955E-002   6.5020703031170744E-003   5.2583797786298321E-003   7.6386076712463610E-003  0.27643862787482804       0.55634988249414541     
 SOL           3           1   827.92513635411467        119.62507404734112       -1.0692938724139223       -1.1941652847827655       -1.1197276849194078       -1.1002686552359284       -1.1034890076711572      -0.76973517053523377      -0.52979690414100733        4.2270815396884469        8.4439699439590715E-003  0.11191221652846975        2.4542923053808129E-002   6.4226861952963567E-003   5.2078739667627896E-003   7.5027984056480817E-003  0.27755417733504356       0.55841335457101204     
 SOL           3           1   836.03826878671521        118.37973391057861       -1.0880893803418141       -1.2096820719849937       -1.1325678549361389       -1.1102377394868714       -1.1116421149757718      -0.78343148629133752      -0.52812034815380182        4.2305421432347794        8.2867434444975803E-003  0.11018910165549589        2.4229802312869728E-002   6.3589759893433098E-003   5.1655862339442049E-003   7.4007382292735789E-003  0.27801990275110594       0.56034914938346969     
 SOL           3           1   847.52212612827975        116.37050413794771       -1.1162826422336520       -1.2333972468557539       -1.1525688391972353       -1.1262644646380642       -1.1251698230467837      -0.80432603741906805      -0.52753931885122951        4.2366881956628815        8.0563757832075710E-003  0.10760669004231956        2.3749996705350562E-002   6.2578747538045831E-003   5.0961782155238659E-003   7.2477074482019442E-003  0.27818148739946452       0.56380368965212713     
 SOL           3           1   855.62544500055731        114.77599470479150       -1.1374275886525302       -1.2514932164877932       -1.1680876543309437       -1.1390350287636286       -1.1362231561368701      -0.82024646975523685      -0.52847122833528515        4.2419475322561526        7.8878125595683336E-003  0.10567695551542146        2.3384270059070567E-002   6.1784662876325355E-003   5.0401586321323312E-003   7.1332344597655308E-003  0.27792236818964566       0.56677673429676356     
 SOL           3           1   867.02053714681574        112.28142286528521       -1.1691450082808479       -1.2790721084063310       -1.1920891389202259       -1.1592385735742625       -1.1540694970055481      -0.84448361131067451      -0.53180036239139283        4.2507004064817728        7.6415574312212291E-003  0.10280232395778806        2.2829694799044963E-002   6.0548918909474935E-003   4.9510081145442888E-003   6.9624235916763109E-003  0.27699866578644172       0.57175943442833566     
 SOL           3           1   875.01128287148606        110.35279144216648       -1.1929330730020860       -1.3000581429668558       -1.2105895910732387       -1.1751144970348368       -1.1683280319288636      -0.86291319683961298      -0.53564288356475243        4.2578247823858772        7.4619245978952368E-003  0.10066739107581985        2.2411218062984243E-002   5.9595239210958875E-003   4.8809148932849973E-003   6.8352841725551512E-003  0.27593633486979180       0.57584740840657278     
 SOL           3           1   886.18173677337438        107.40291296515073       -1.2286151700839432       -1.3319557704906253       -1.2390288645128085       -1.1999256330608181       -1.1909198379950248      -0.89091439182136756      -0.54327950981148121        4.2692095278232909        7.2003617862822543E-003   9.7507012381054137E-002   2.1782837006627909E-002   5.8134806045888983E-003   4.7718824676770749E-003   6.6465428706711082E-003  0.27383713780594487       0.58244074507715382     
 SOL           3           1   893.97022637025839        105.16673267156216       -1.2553767428953362       -1.3561667240329049       -1.2608295100516973       -1.2192162659046391       -1.2086868657831957      -0.91216602566249716      -0.55029775418685045        4.2781697669640844        7.0102243165542730E-003   9.5174623247050824E-002   2.1313096030733170E-002   5.7024096436327628E-003   4.6878490220925006E-003   6.5067832948904891E-003  0.27192201013170009       0.58768300431334575     
 SOL           3           1   904.79723737131940        101.80543006908934       -1.2955191021124255       -1.3928787571087637       -1.2941752453966482       -1.2490856051174528       -1.2364625452406424      -0.94439776102566764      -0.56260355759547986        4.2920831912206943        6.7343907186005712E-003   9.1743928527361573E-002   2.0614113973977926E-002   5.5346010772189015E-003   4.5594325140725662E-003   6.3004022540770425E-003  0.26859629609252889       0.59591683484216229     
 SOL           3           1   912.30421153645284        99.296529314076494       -1.3256258715252427       -1.4206831970181619       -1.3196235511366829       -1.2721229557125202       -1.2580594739701894      -0.96882026467415927      -0.57304991704327080        4.3027659695030680        6.5346616548006701E-003   8.9228176588850613E-002   2.0096138452538596E-002   5.4085559788602366E-003   4.4620184833098746E-003   6.1483944184575852E-003  0.26580504721494769       0.60231700720823511     
 SOL           3           1   922.68080066436232        95.577564269680821       -1.3707860256444682       -1.4627600613443652       -1.3583945653129172       -1.3075449133014043       -1.2914965276011692       -1.0058056129737309      -0.59038609046893942        4.3189967839795829        6.2461196647185715E-003   8.5551625985815782E-002   1.9331901632462144E-002   5.2203277256190330E-003   4.3152885114842460E-003   5.9251477846352521E-003  0.26123671790791930       0.61217287078734572     
 SOL           3           1   936.49675375482911        90.145988938966070       -1.4385262568233066       -1.5265682405133587       -1.4176666050145263       -1.3622908259180924       -1.3435894915317408       -1.0619678818652960      -0.61950655569433921        4.3434090089204798        5.8370187945477811E-003   8.0263247578970201E-002   1.8219357466804101E-002   4.9422182555302306E-003   4.0962471317724861E-003   5.6015500852317976E-003  0.25373908032227871       0.62730128036486488     
 SOL           3           1   945.66273181658937        86.215253721961219       -1.4893314302074354       -1.5748718892597551       -1.4628380216567185       -1.4043868416448329       -1.3839019655967304       -1.1045516833941449      -0.64335421008253768        4.3615086317861609        5.5478752284270341E-003   7.6478387035624970E-002   1.7414674437996672E-002   4.7384887429384849E-003   3.9344013938705904E-003   5.3680223264968253E-003  0.24775958033559795       0.63875857049904750     
 SOL           3           1   957.77030720743903        80.577203464903263       -1.5655391902836284       -1.6479070785043306       -1.5315203486872668       -1.4688664866237009       -1.4459682635330671       -1.1690570746012734      -0.68171276112359691        4.3879901540644317        5.1407925112747664E-003   7.1091870354121137E-002   1.6258744421180193E-002   4.4425947517187266E-003   3.6976313864092278E-003   5.0326876609210298E-003  0.23843584746916596       0.65589983144520847     
 SOL           3           1   965.72744920485718        76.561013250761405       -1.6226950103407733       -1.7030626122411003       -1.5836349286398639       -1.5180956323766506       -1.4935556132089340       -1.2178667288993907      -0.71216274731265994        4.4071709001078174        4.8552055206473122E-003   6.7276934783563225E-002   1.5433126989376999E-002   4.2291856785064714E-003   3.5257920256219120E-003   4.7929424515683345E-003  0.23128490478174302       0.66860190776897299     
 SOL           3           1   976.11888636380593        70.880600141187045       -1.7084287404264904       -1.7862944814161983       -1.6625962535953673       -1.5930764973628100       -1.5662902032634651       -1.2916755017470949      -0.76002755555959911        4.4346787047819127        4.4562949964600347E-003   6.1904048804562337E-002   1.4261377045941532E-002   3.9236745445567767E-003   3.2784492110820218E-003   4.4519212318078327E-003  0.22047526161090505       0.68724897255468431     
 SOL           3           1   988.79777599053602        63.111044576191510       -1.8370293355550662       -1.9120439683062109       -1.7824591632184730       -1.7075912241897999       -1.6778167635783618       -1.4035197020462034      -0.83573144878356931        4.4729054182517274        3.9185320529613633E-003   5.4589202100117883E-002   1.2650440892615042E-002   3.4991282698669415E-003   2.9324667081921459E-003   3.9808347766972377E-003  0.20440056103759718       0.71402883416195229     
 SOL           3           1   996.41570616559864        57.840633256250520       -1.9334797819014984       -2.0069229514711662       -1.8732445965676401       -1.7947521081250550       -1.7629689710125553       -1.4881507711694815      -0.89492067362404659        4.4991686623095308        3.5582422076837800E-003   4.9647950778398890E-002   1.1552555112786821E-002   3.2070547345758559E-003   2.6930967545285402E-003   3.6577948691362792E-003  0.19265333426391423       0.73302997127897573     
 SOL           3           1   1005.3796246979955        50.750057889553602       -2.0781554514211464       -2.1499622128994198       -2.0105442502701281       -1.9270989994973335       -1.8925879866648512       -1.6160949581484942      -0.98669537329926704        4.5348613460607901        3.0789572717043125E-003   4.3030873862767730E-002   1.0070465989510322E-002   2.8094987774277716E-003   2.3656970770687090E-003   3.2185028051792339E-003  0.17575969251448764       0.75966631170185417     
 SOL           3           1   1014.4232535650334        41.751811039847574       -2.2943925843492718       -2.3650156538014477       -2.2177028567525094       -2.1276860486677358       -2.0895765150473444       -1.8091458687652560       -1.1289279711965075        4.5806723294493397        2.4802363513239173E-003   3.4704328297199653E-002   8.1861882485098243E-003   2.2988731020635975E-003   1.9427105668486781E-003   2.6534624537375576E-003  0.15245737986859373       0.79527682111172271     
 SOL           4           1   1021.6985983980916        27.731722087892884       -2.7488101594841190       -2.8204090759005194       -2.6582884915294520       -2.5566579743897924       -2.5122097267699641       -2.2200448222509572       -1.4408056787162806        4.6530927367787882        1.5744976727258002E-003   2.2009429867525056E-002   5.2691167001538948E-003   1.4969760722683136E-003   1.2730950533780777E-003   1.7593887014350496E-003  0.11160963409031557       0.85500786184219846     
 SOL           4           2   1018.3681750821655        17.684511024800678       -3.2479532088382634       -3.3242312834609313       -3.1475489082045733       -3.0353134102540578       -2.9850531140701326       -2.6768967482668682       -1.7953512456289777        4.7059166595738420        9.5579983458748182E-004   1.3298467251044516E-002   3.2303882225476945E-003   9.2755024418177795E-004   7.9342806240847107E-004   1.1141753044394763E-003   7.8293282405467859E-002  0.90138690867532256     
 SOL           3           2   1007.3027811637953        10.842797120359242       -3.7870798832936443       -3.8712055200676327       -3.6799532787310070       -3.5577865930478234       -3.5020246808700319       -3.1745147512521807       -2.1858237150801312        4.7427053599038222        5.5747732988652870E-004   7.6957986316697246E-003   1.8968563290736086E-003   5.5008553364047324E-004   4.7313999180621173E-004   6.7739311059565794E-004   5.2983965859711088E-002  0.93516528321361647     
 SOL           3           2   990.72801559969969        6.3717775244192456       -4.3666763597472213       -4.4614669001409748       -4.2553428327938603       -4.1235919390282749       -4.0624422804668843       -3.7126364651378214       -2.6099772139876793        4.7675698963482098        3.1225662388182268E-004   4.2648762599874906E-003   1.0669545743407394E-003   3.1239500723159865E-004   2.7014901411083475E-004   3.9549180092502919E-004   3.4668650608393213E-002  0.95870922611112930     
 SOL           3           2   980.75355816699278        4.7799862048765158       -4.6770929259957947       -4.7782996718884245       -4.5644254107356170       -4.4278520620345931       -4.3639575743822325       -4.0017765078521750       -2.8380230072300070        4.7767546431212127        2.2892828668399123E-004   3.1067600415689133E-003   7.8327284724228089E-004   2.3044409910184110E-004   1.9982828383954677E-004   2.9618670433496230E-004   2.7599289915191252E-002  0.96755528982203687     
 SOL           3           2   969.99947868235631        3.5442727211285141       -4.9979432893365585       -5.1061895049383219       -4.8844122867620170       -4.7430170677938799       -4.6763540742472083       -4.3011468620216302       -3.0739817647431518        4.7841063454029333        1.6609475397457354E-004   2.2382416117143070E-003   5.6878028839945694E-004   1.6814779202218701E-004   1.4621262780621012E-004   2.1955870800674830E-004   2.1798284786221755E-002  0.97469467943185473     
 SOL           3           2   958.63116372414288        2.5971094959640744       -5.3292630968259065       -5.4451426932418290       -5.2152898236736682       -5.0690488247563108       -4.9995791323400178       -4.6107221291288338       -3.3176701979505223        4.7899479329892607        1.1925196708386088E-004   1.5947825178954250E-003   4.0855097252728292E-004   1.2136609425710839E-004   1.0583029906444046E-004   1.6110307734688517E-004   1.7084008558777671E-002  0.98040510651304702     
 SOL           3           2   946.79225952210254        1.8804642256183752       -5.6710851587515601       -5.7951651362336190       -5.5570465772533524       -5.4059140954166578       -5.3335865849012363       -4.9304807144744274       -3.5689258128353165        4.7945560963984999        8.4725495276328006E-005   1.1237990243572256E-003   2.9028405183624154E-004   8.6656001874071568E-005   7.5779621164958927E-005   1.1701308975012442E-004   1.3288343722023786E-002  0.98493339899371735     
 SOL           3           2   934.60618589279977        1.3452978853201083       -6.0234393772098924       -6.1562623746130560       -5.9096730957305130       -5.7535842111940569       -5.6783363491363374       -5.2604045518025986       -3.8276060504119322        4.7981653278347514        5.9564654015274311E-005   7.8318815882442907E-004   2.0402313906628901E-004   6.1207893728887811E-005   5.3682101588264431E-005   8.4129894657120110E-005   1.0259529710406867E-002  0.98849467444771300     
 SOL           3           2   922.17768565125652       0.95089346150395460       -6.3863526367909635       -6.5284396219412528       -6.2731617585093451       -6.1120348164698255       -6.0337941096232726       -5.6004787892168357       -4.0935873214594851        4.8009722477025196        4.1435959265682125E-005   5.3979839367749021E-004   1.4184639566193599E-004   4.2769513972365546E-005   3.7623237635259874E-005   5.9876717016438248E-005   7.8634522726595685E-003  0.99127319751011167     
 SOL           3           2   909.59448678835111       0.66404587640352564       -6.7598487285263982       -6.9117017926464737       -6.6475066272249235       -6.4812456174123012       -6.3999310065366908       -5.9506914515923297       -4.3667638411477681        4.8031400174723249        2.8521351818660237E-005   3.6794503076879485E-004   9.7553396325183507E-005   2.9565695619649358E-005   2.6088249045394199E-005   4.2185437123680023E-005   5.9837604658232822E-003  0.99342438037347480     
 SOL           3           2   896.92908121362018       0.45816121300117518       -7.1439483506924732       -7.3060535269326889       -7.0327032931095728       -6.8612000969106690       -6.7767232725074642       -6.3110330920111917       -4.6470462062090832        4.8048026745462202        1.9424853826925170E-005   2.4803796517076167E-004   6.6367217142376206E-005   2.0219758663405702E-005   1.7898067011459319E-005   2.9421727417650229E-005   4.5211520771985259E-003  0.99507747833356885     
 SOL           3           2   884.24057030586255       0.31231980034769879       -7.5386691991694477       -7.7114992130066513       -7.4287487153657423       -7.2518851859314912       -7.1641518058811311       -6.6814964470472527       -4.9343597836530080        4.8060692605544828        1.3089789813321708E-005   1.6536185507959119E-004   4.4663552762139483E-005   1.3680550997269793E-005   1.2149210466028782E-005   2.0313182797542094E-005   3.3921138046251222E-003  0.99633862805345930     
 SOL           3           2   871.57651239629752       0.21035474657830497       -7.9440261455875065       -8.1280430069739236       -7.8356410502390279       -7.6532908925169512       -7.5622016820040923       -7.0620761056471109       -5.2286429531402892        4.8070276489634409        8.7274704691214732E-006   1.0902664912947649E-004   2.9733235474584237E-005   9.1574658124166259E-006   8.1597563489450235E-006   1.3883351876323092E-005   2.5273469060226278E-003  0.99729396516486624     
 SOL           3           2   858.97469980339531       0.13998751594733858       -8.3600314838908183       -8.5556888507008484       -8.2533794759381145       -8.0654099052659713       -7.9708616266492829       -7.4527682020362445       -5.5298453215950607        4.8077480115649083        5.7573093453689907E-006   7.1089986926908249E-005   1.9580360214565525E-005   6.0644901200897752E-006   5.4224859067685101E-006   9.3933154989966990E-006   1.8700547907744094E-003  0.99801263726121259     
 SOL           3           2   846.46481115924121        9.2050005924577141E-002  -8.7866952263646247       -8.9944404878952504       -8.6819640185073279       -8.4882371854293286       -8.3901234705206935       -7.8535701362337944       -5.8379259459993662        4.8082858927446139        3.7576978485210746E-006   4.5841732163389592E-005   1.2755244130955054E-005   3.9734041248356557E-006   3.5654580140939838E-006   6.2914803009466880E-006   1.3742211110313557E-003  0.99854959387238573     
  
  
 #critical
 NaN NaN
